1 1 -1 -1 -1 -1 1 1 -1 1 1 1 -1 1 1 -1 -1 1 -1 1 -1 1 -1 -1 1 1 -1 1 -1 1 1 -1 1 -1 1 1 -1 1 1 -1 -1 1 1 1 1 1 -1 1 1 1 -1 -1 1 -1 1 1 -1 1 -1 1 -1 1 1 -1 
-1 1 -1 1 -1 -1 1 -1 1 1 1 1 1 -1 1 -1 1 -1 1 1 1 1 -1 1 1 1 1 1 1 1 -1 1 1 1 -1 -1 1 1 -1 -1 1 1 1 -1 -1 1 -1 -1 -1 -1 -1 -1 1 1 1 -1 1 1 1 1 1 1 1 -1 
1 1 1 1 -1 1 -1 1 1 1 -1 1 -1 1 -1 1 1 -1 1 1 -1 1 1 1 -1 -1 -1 -1 -1 1 -1 1 -1 1 -1 -1 1 1 -1 1 -1 1 1 -1 -1 1 -1 1 1 -1 -1 -1 1 -1 -1 -1 -1 1 1 -1 1 -1 -1 -1 
1 -1 -1 1 1 -1 -1 1 -1 1 -1 1 1 -1 1 1 -1 -1 -1 1 -1 -1 1 -1 1 -1 -1 -1 -1 1 -1 1 -1 1 1 -1 -1 1 1 -1 1 1 1 1 -1 -1 1 1 -1 1 1 1 -1 -1 1 1 -1 -1 1 -1 1 1 1 -1 
1 1 1 -1 1 1 -1 1 -1 -1 1 -1 -1 -1 -1 -1 1 -1 -1 -1 1 1 1 1 1 1 1 -1 1 1 1 -1 1 1 -1 -1 1 1 -1 -1 -1 -1 1 -1 -1 -1 -1 -1 -1 1 -1 -1 -1 -1 -1 -1 -1 -1 -1 -1 1 1 -1 1 
1 1 -1 1 -1 1 -1 1 -1 1 -1 -1 1 -1 1 -1 -1 -1 -1 -1 1 -1 1 -1 1 -1 -1 -1 -1 1 1 -1 1 1 1 -1 -1 -1 -1 -1 1 -1 -1 -1 -1 -1 1 -1 -1 -1 -1 -1 -1 -1 1 1 -1 1 -1 1 1 1 1 -1 
-1 -1 1 1 1 1 1 -1 -1 -1 1 1 1 -1 1 -1 1 1 -1 -1 1 -1 -1 1 -1 -1 1 -1 -1 -1 -1 1 -1 -1 -1 -1 -1 1 1 -1 1 1 -1 1 1 -1 1 -1 1 -1 -1 1 -1 1 -1 1 1 1 -1 1 -1 -1 1 1 
-1 1 -1 -1 -1 -1 1 1 1 1 -1 -1 1 1 1 -1 -1 1 1 -1 -1 -1 1 -1 -1 1 -1 1 1 1 -1 -1 -1 -1 1 1 -1 -1 1 -1 -1 1 -1 -1 -1 1 1 1 1 1 -1 -1 1 -1 -1 -1 -1 -1 1 1 -1 -1 -1 1 
1 -1 -1 1 1 1 1 -1 1 1 -1 -1 1 1 1 1 -1 1 -1 -1 -1 1 1 -1 1 -1 -1 -1 1 -1 -1 -1 1 -1 -1 1 -1 1 1 -1 1 1 1 1 1 1 1 -1 1 -1 1 1 -1 1 1 1 -1 -1 1 -1 -1 1 1 1 
-1 -1 -1 -1 1 -1 1 -1 -1 1 1 1 1 1 1 1 1 -1 -1 -1 1 1 1 -1 -1 -1 -1 1 -1 -1 1 1 -1 1 -1 -1 -1 1 -1 1 1 1 -1 1 1 -1 -1 -1 -1 1 1 -1 1 -1 -1 1 -1 1 1 -1 1 -1 1 -1 
-1 -1 1 1 -1 1 -1 1 1 -1 1 -1 1 1 1 1 -1 1 1 -1 -1 1 -1 1 1 1 -1 1 -1 -1 -1 -1 1 1 -1 1 1 1 1 -1 1 1 -1 1 1 -1 -1 1 1 -1 1 1 -1 -1 -1 1 1 1 -1 -1 1 -1 1 -1 
-1 -1 -1 -1 1 1 -1 1 1 -1 1 1 1 1 -1 1 -1 -1 -1 -1 1 -1 -1 1 1 1 -1 -1 1 -1 -1 -1 -1 1 -1 1 1 -1 -1 1 1 1 1 -1 -1 1 1 -1 1 -1 -1 1 1 1 -1 1 -1 1 1 -1 -1 -1 -1 -1 
1 -1 1 -1 1 -1 -1 -1 -1 -1 -1 -1 1 1 1 1 -1 1 -1 -1 1 1 -1 -1 -1 1 1 -1 -1 -1 1 1 -1 1 1 1 1 -1 -1 -1 1 1 -1 -1 1 1 -1 1 -1 -1 1 -1 1 -1 -1 1 1 -1 -1 -1 -1 -1 -1 1 
-1 1 -1 1 1 1 1 -1 -1 -1 -1 -1 -1 1 -1 -1 -1 1 -1 1 1 1 -1 1 -1 -1 1 -1 1 -1 1 -1 -1 1 1 1 1 -1 1 -1 -1 1 -1 1 -1 -1 1 1 -1 1 1 -1 -1 1 1 -1 -1 1 -1 -1 -1 1 -1 1 
-1 -1 1 -1 1 -1 -1 -1 -1 -1 -1 1 -1 1 1 -1 1 1 -1 1 -1 -1 1 1 -1 -1 -1 1 -1 1 -1 -1 -1 -1 -1 1 -1 1 1 1 -1 -1 1 1 1 -1 1 1 1 1 -1 -1 1 -1 1 1 1 -1 1 1 1 1 1 -1 
1 1 -1 -1 1 1 1 1 -1 -1 -1 -1 -1 1 1 1 -1 1 -1 1 -1 1 -1 1 -1 -1 1 1 1 -1 -1 1 -1 -1 1 -1 1 -1 -1 -1 -1 -1 1 -1 -1 1 -1 -1 -1 1 1 -1 -1 -1 -1 1 1 -1 1 1 -1 1 -1 1 
1 -1 -1 1 -1 1 -1 1 1 -1 1 1 1 1 -1 1 1 -1 1 1 1 1 -1 -1 -1 -1 -1 -1 1 1 1 -1 -1 1 -1 1 -1 1 1 1 -1 1 -1 -1 1 -1 1 1 1 1 -1 -1 1 1 1 -1 -1 -1 1 -1 -1 1 1 1 
-1 1 1 1 1 1 -1 -1 -1 1 -1 1 -1 -1 -1 -1 1 1 -1 1 1 1 -1 1 1 1 -1 -1 1 1 -1 1 -1 1 -1 -1 -1 -1 -1 -1 1 1 -1 -1 -1 1 1 1 1 -1 1 -1 -1 1 1 -1 1 -1 -1 1 -1 -1 -1 1 
1 -1 -1 1 1 1 1 -1 1 1 -1 1 1 1 1 1 -1 1 1 1 1 1 -1 -1 1 1 1 1 1 -1 -1 1 -1 -1 -1 1 1 1 -1 -1 1 1 -1 1 -1 1 1 -1 -1 1 -1 -1 -1 1 1 -1 -1 1 -1 1 -1 -1 -1 1 
-1 -1 -1 -1 1 1 1 1 1 1 1 1 1 -1 -1 -1 -1 -1 -1 1 -1 1 -1 1 1 -1 -1 -1 1 -1 -1 1 1 1 -1 -1 -1 1 -1 -1 -1 1 1 -1 -1 -1 -1 1 -1 1 1 1 1 1 1 -1 1 1 1 -1 -1 1 1 -1 
1 -1 1 1 -1 -1 -1 1 1 -1 1 -1 -1 -1 1 1 -1 -1 -1 1 1 -1 1 1 1 -1 -1 -1 -1 -1 1 -1 1 1 1 1 -1 1 -1 1 1 -1 1 -1 1 1 1 -1 -1 1 1 1 1 1 1 1 -1 -1 -1 1 1 1 -1 1 
-1 -1 -1 1 -1 1 1 1 -1 -1 -1 1 -1 -1 1 -1 -1 -1 -1 -1 1 1 1 -1 1 1 -1 1 -1 1 1 1 1 -1 -1 1 1 1 -1 -1 -1 -1 1 -1 1 1 1 1 -1 -1 1 1 -1 1 -1 -1 1 -1 1 1 1 -1 -1 -1 
1 1 -1 -1 -1 -1 1 -1 -1 -1 1 1 1 1 -1 1 1 1 1 1 -1 -1 1 1 1 1 1 -1 -1 -1 1 -1 1 1 -1 1 -1 1 1 -1 1 -1 -1 1 1 1 -1 1 -1 1 -1 -1 -1 -1 -1 -1 1 -1 1 1 -1 1 1 -1 
1 -1 -1 1 -1 1 -1 1 1 1 -1 -1 1 -1 -1 -1 1 -1 1 -1 -1 1 -1 1 -1 1 1 -1 -1 1 -1 1 1 1 -1 1 1 1 1 1 -1 1 1 1 -1 -1 -1 -1 -1 1 1 -1 -1 -1 -1 1 1 1 1 1 -1 -1 -1 1 
-1 -1 1 -1 -1 -1 1 1 -1 1 -1 -1 1 1 1 1 1 -1 -1 -1 -1 -1 -1 1 1 -1 1 -1 1 1 -1 -1 -1 1 1 1 -1 1 -1 1 -1 -1 1 1 1 1 1 -1 -1 1 1 -1 -1 -1 1 1 -1 1 -1 1 1 -1 1 -1 
-1 -1 1 1 -1 1 1 -1 1 1 -1 -1 -1 1 1 1 1 -1 -1 1 1 -1 -1 -1 1 1 -1 -1 -1 -1 -1 -1 -1 -1 -1 -1 -1 -1 1 1 -1 1 -1 1 1 -1 -1 -1 -1 1 1 -1 1 1 1 1 1 1 1 1 1 1 1 1 
1 -1 1 1 -1 1 -1 1 1 1 1 1 -1 -1 1 -1 1 1 -1 1 1 1 -1 -1 -1 1 1 -1 -1 1 -1 -1 1 1 1 -1 -1 -1 1 1 -1 -1 1 -1 -1 -1 -1 1 -1 1 1 1 1 -1 -1 -1 1 1 -1 -1 1 -1 1 1 
-1 -1 1 1 1 1 1 -1 1 -1 -1 1 1 1 -1 -1 1 1 -1 1 1 -1 1 1 1 1 1 1 1 -1 1 -1 -1 -1 -1 -1 1 1 1 1 -1 -1 1 1 1 -1 -1 1 -1 -1 1 -1 1 -1 1 1 1 -1 1 1 1 -1 -1 1 
1 -1 1 1 -1 1 1 -1 -1 1 1 -1 1 -1 1 -1 -1 -1 -1 -1 1 1 1 1 -1 1 1 -1 1 -1 -1 1 -1 -1 1 1 1 -1 1 -1 -1 1 -1 1 -1 -1 1 -1 -1 -1 1 1 -1 1 -1 -1 1 -1 -1 1 -1 1 -1 -1 
-1 -1 -1 -1 -1 -1 1 -1 1 1 1 1 1 1 -1 1 -1 -1 1 1 1 -1 1 -1 -1 1 -1 1 1 1 1 1 -1 1 -1 -1 -1 1 1 1 1 -1 -1 1 1 -1 1 -1 1 1 1 -1 1 1 -1 -1 -1 -1 1 1 -1 -1 -1 1 
-1 1 1 1 -1 -1 1 1 1 -1 1 1 -1 -1 1 1 -1 1 1 1 -1 -1 -1 1 1 1 1 -1 1 -1 1 1 -1 1 -1 -1 1 -1 -1 -1 -1 1 -1 -1 -1 -1 -1 -1 -1 1 1 -1 1 1 -1 -1 -1 1 -1 -1 1 -1 -1 -1 
1 -1 -1 -1 1 1 -1 1 1 -1 1 1 -1 1 1 -1 1 -1 -1 -1 1 -1 1 -1 1 1 1 1 -1 -1 -1 1 1 1 1 1 -1 1 1 1 1 -1 -1 -1 -1 -1 -1 1 1 1 -1 1 -1 -1 -1 -1 1 1 1 1 1 1 1 -1 
-1 -1 1 1 -1 -1 1 1 -1 1 -1 1 1 1 1 1 1 1 1 -1 -1 -1 -1 -1 1 1 -1 1 1 1 1 -1 1 1 -1 1 1 -1 1 1 1 -1 1 1 -1 -1 -1 1 1 1 1 -1 1 -1 -1 1 1 1 -1 1 1 1 1 -1 
1 -1 -1 -1 -1 -1 1 1 1 -1 -1 -1 -1 -1 1 1 -1 -1 1 -1 -1 1 -1 -1 -1 1 -1 1 1 -1 -1 -1 -1 1 1 1 -1 -1 1 1 -1 1 -1 1 1 -1 -1 1 -1 1 1 1 1 -1 1 -1 -1 -1 1 -1 -1 -1 1 -1 
-1 1 1 -1 1 -1 1 -1 1 1 1 1 -1 -1 1 -1 1 1 1 1 -1 1 1 1 -1 1 -1 1 -1 1 1 -1 1 -1 1 -1 -1 1 -1 1 -1 -1 1 1 -1 1 1 1 -1 -1 -1 1 -1 1 1 -1 -1 -1 1 -1 -1 -1 -1 1 
-1 1 1 1 1 1 1 -1 -1 1 -1 -1 -1 -1 -1 1 -1 1 -1 1 -1 -1 -1 -1 -1 1 1 1 -1 1 1 -1 -1 -1 1 1 -1 1 1 1 -1 -1 1 -1 1 1 1 -1 -1 1 -1 -1 -1 -1 1 -1 1 1 1 1 1 -1 -1 1 
1 -1 -1 1 -1 1 1 1 1 1 -1 -1 -1 -1 1 -1 1 1 -1 1 1 -1 1 -1 1 1 1 -1 -1 1 -1 1 -1 1 1 1 1 1 -1 1 1 1 -1 -1 -1 -1 -1 -1 1 -1 -1 -1 1 -1 1 -1 -1 -1 -1 1 -1 1 -1 1 
-1 -1 -1 -1 -1 1 -1 1 -1 -1 -1 1 1 1 -1 1 -1 1 -1 -1 -1 -1 -1 -1 -1 1 1 -1 1 -1 1 -1 1 1 -1 -1 -1 1 1 1 -1 1 1 1 -1 -1 -1 1 -1 -1 1 -1 -1 1 1 1 -1 1 1 -1 1 1 -1 -1 
-1 1 1 -1 1 1 -1 -1 -1 1 -1 1 1 -1 -1 1 -1 1 1 1 1 1 -1 -1 1 -1 -1 -1 -1 -1 1 -1 -1 -1 1 -1 1 -1 1 -1 1 1 1 -1 1 1 1 1 1 -1 1 1 -1 -1 1 -1 1 1 -1 1 -1 1 1 -1 
1 1 -1 1 1 1 1 1 1 -1 1 -1 1 1 -1 1 -1 1 1 1 -1 1 1 -1 -1 -1 -1 -1 1 -1 1 -1 -1 -1 -1 -1 -1 -1 1 1 1 -1 1 1 -1 -1 1 -1 -1 -1 -1 1 -1 -1 -1 -1 1 -1 -1 1 -1 -1 -1 -1 
1 -1 1 -1 1 -1 -1 1 -1 -1 -1 -1 -1 1 1 1 1 -1 -1 1 -1 1 -1 1 1 1 1 1 1 -1 1 -1 -1 1 1 1 -1 1 -1 -1 1 -1 1 -1 1 -1 -1 1 -1 -1 1 1 1 -1 1 1 -1 1 1 1 -1 -1 1 -1 
-1 -1 -1 -1 1 1 -1 -1 -1 -1 -1 -1 -1 -1 1 1 -1 -1 -1 -1 1 1 1 -1 1 -1 1 1 -1 1 -1 1 1 -1 1 1 -1 -1 -1 1 1 1 1 1 -1 1 1 1 1 -1 -1 1 -1 -1 -1 -1 1 -1 -1 1 -1 1 -1 -1 
-1 -1 -1 -1 -1 1 1 1 -1 1 1 -1 1 1 -1 -1 1 1 1 -1 -1 -1 1 -1 -1 1 -1 -1 1 1 1 1 -1 1 -1 -1 1 -1 -1 -1 -1 -1 1 -1 1 -1 -1 1 1 -1 1 1 1 1 -1 1 1 1 1 1 -1 -1 -1 1 
-1 1 1 -1 1 1 -1 1 -1 -1 -1 1 1 -1 -1 1 1 1 -1 1 1 1 -1 -1 -1 -1 1 -1 -1 -1 1 1 -1 -1 -1 1 1 -1 1 -1 1 -1 1 1 -1 -1 -1 -1 1 -1 -1 1 -1 -1 1 1 -1 1 -1 1 1 -1 -1 1 
-1 1 1 1 1 1 -1 1 -1 -1 -1 1 -1 1 -1 1 -1 1 1 1 -1 -1 -1 1 -1 -1 1 -1 1 -1 1 1 1 -1 1 -1 1 1 -1 1 -1 1 -1 1 1 1 1 -1 -1 -1 1 1 1 1 1 1 1 1 -1 1 -1 -1 -1 1 
-1 -1 -1 1 1 1 1 -1 -1 1 1 -1 -1 1 1 -1 1 -1 -1 1 -1 -1 -1 1 -1 1 1 1 1 1 1 1 1 1 -1 -1 1 1 -1 1 1 -1 1 1 -1 1 -1 -1 1 1 1 -1 -1 1 -1 -1 1 1 -1 1 -1 1 1 -1 
1 1 1 -1 1 -1 -1 -1 -1 1 1 -1 1 -1 -1 1 -1 -1 -1 1 -1 -1 1 1 -1 1 1 1 -1 -1 1 1 1 1 -1 -1 1 1 -1 -1 1 -1 1 1 -1 1 1 1 1 -1 -1 -1 1 -1 -1 -1 1 -1 1 -1 1 1 -1 -1 
-1 1 -1 -1 1 1 1 -1 1 1 -1 1 -1 -1 -1 1 -1 -1 1 -1 1 -1 -1 1 1 1 -1 -1 1 1 1 -1 -1 -1 -1 1 1 -1 -1 1 -1 -1 -1 1 1 1 -1 1 -1 1 1 1 1 1 1 -1 1 -1 -1 1 -1 1 1 1 
-1 1 -1 1 1 1 -1 -1 -1 1 -1 -1 1 1 -1 1 -1 -1 1 1 1 1 1 1 1 1 1 1 1 -1 1 -1 -1 1 1 1 -1 1 -1 1 1 -1 -1 -1 1 -1 -1 1 1 -1 -1 1 -1 1 -1 1 -1 -1 1 -1 -1 -1 1 -1 
-1 1 1 -1 -1 1 1 -1 1 -1 1 1 1 -1 -1 -1 -1 1 -1 -1 -1 1 -1 -1 -1 -1 -1 1 1 -1 -1 -1 -1 -1 1 -1 1 1 1 1 1 1 1 1 1 -1 1 -1 1 1 -1 -1 -1 -1 -1 -1 1 1 -1 1 1 -1 -1 -1 
1 1 1 -1 1 1 1 1 -1 -1 -1 1 -1 -1 1 -1 1 -1 1 -1 -1 -1 1 -1 -1 -1 -1 -1 -1 -1 -1 1 -1 -1 1 1 1 -1 -1 1 -1 1 -1 1 -1 -1 1 -1 1 1 1 1 -1 1 1 -1 -1 1 -1 1 -1 1 1 -1 
1 1 1 -1 1 1 -1 1 -1 1 -1 -1 1 1 1 1 1 1 1 -1 -1 -1 1 1 1 1 -1 1 -1 1 1 -1 1 -1 -1 1 1 1 -1 -1 -1 -1 -1 -1 -1 1 1 -1 -1 1 -1 1 -1 -1 1 1 -1 -1 1 1 1 -1 1 -1 
-1 -1 -1 1 1 1 1 -1 1 -1 1 -1 -1 1 -1 1 -1 1 1 -1 -1 1 1 1 1 -1 -1 -1 1 -1 -1 1 -1 -1 1 1 -1 1 1 1 -1 1 -1 1 -1 1 -1 -1 1 1 1 1 1 -1 -1 1 1 1 -1 -1 -1 -1 -1 -1 
1 -1 1 1 1 1 -1 1 -1 1 1 -1 1 -1 1 1 -1 -1 -1 -1 -1 -1 1 1 1 -1 1 1 -1 -1 -1 1 1 1 -1 1 1 -1 1 1 1 1 -1 1 -1 -1 1 -1 -1 1 -1 1 1 1 1 -1 1 -1 -1 1 -1 1 -1 -1 
-1 -1 1 -1 1 -1 1 1 -1 1 1 1 1 -1 -1 1 -1 -1 -1 -1 -1 1 1 1 -1 -1 1 -1 1 1 1 1 1 -1 -1 -1 -1 -1 -1 1 -1 1 1 -1 -1 1 1 -1 1 1 -1 -1 1 -1 1 1 1 -1 -1 -1 1 1 -1 -1 
-1 1 1 -1 1 -1 -1 1 -1 -1 -1 -1 -1 1 -1 -1 1 1 1 1 -1 1 1 -1 -1 -1 1 -1 1 1 1 1 -1 1 1 1 1 -1 1 1 -1 1 -1 -1 -1 1 1 1 -1 1 1 -1 -1 1 -1 1 -1 -1 -1 -1 1 -1 -1 1 
1 -1 1 1 1 1 -1 1 1 1 -1 1 -1 1 -1 -1 1 -1 1 -1 1 -1 -1 -1 1 -1 -1 -1 -1 1 1 -1 -1 1 1 -1 1 1 -1 -1 1 -1 -1 1 -1 -1 -1 -1 1 -1 1 1 -1 -1 -1 1 1 1 -1 -1 -1 1 1 -1 
-1 -1 -1 1 1 -1 -1 1 1 -1 -1 -1 1 -1 1 1 1 1 -1 -1 1 1 1 -1 -1 -1 -1 1 1 1 -1 -1 -1 1 1 -1 1 -1 -1 1 -1 1 -1 -1 -1 -1 1 1 1 -1 -1 1 -1 1 1 1 -1 1 -1 1 -1 -1 1 1 
1 -1 -1 -1 1 1 1 -1 -1 -1 1 -1 1 1 -1 -1 -1 1 1 -1 1 -1 -1 -1 1 -1 1 -1 1 -1 1 -1 1 -1 -1 -1 1 -1 1 1 -1 1 -1 1 1 1 -1 1 -1 1 1 -1 1 1 1 1 1 1 1 -1 1 -1 -1 -1 
-1 -1 1 1 1 -1 -1 -1 1 1 1 1 1 1 -1 -1 1 -1 -1 1 -1 -1 -1 -1 -1 -1 1 -1 -1 -1 1 -1 -1 1 1 -1 -1 1 -1 -1 -1 -1 -1 -1 -1 -1 1 -1 1 -1 -1 -1 1 -1 1 1 1 -1 1 1 -1 1 1 -1 
1 -1 -1 -1 -1 -1 1 1 1 -1 -1 1 1 1 -1 1 1 1 1 1 -1 -1 1 1 -1 -1 -1 -1 1 1 -1 -1 -1 1 1 -1 1 -1 1 1 1 1 1 -1 1 1 -1 1 1 -1 1 -1 1 1 -1 -1 1 1 -1 1 1 -1 -1 -1 
-1 -1 1 -1 -1 -1 1 1 -1 1 1 1 1 -1 -1 -1 -1 1 1 -1 -1 1 -1 1 1 -1 1 1 -1 1 1 -1 -1 1 1 1 -1 -1 -1 1 1 -1 1 1 1 -1 -1 -1 1 1 -1 1 1 -1 -1 1 -1 1 1 -1 1 1 -1 1 
-1 -1 1 -1 1 -1 -1 1 -1 -1 -1 1 1 1 -1 1 -1 1 1 -1 1 1 -1 1 -1 -1 -1 1 1 1 1 -1 -1 -1 1 1 1 1 -1 1 -1 1 1 1 1 -1 1 -1 -1 1 -1 -1 1 1 1 1 -1 -1 1 -1 1 1 1 -1 
1 1 1 1 -1 1 -1 -1 -1 1 1 1 -1 -1 1 -1 -1 -1 -1 1 -1 1 1 -1 1 -1 -1 -1 1 -1 1 1 1 1 -1 -1 -1 1 1 1 1 1 -1 -1 -1 1 1 -1 1 1 1 1 1 1 1 -1 1 -1 1 1 1 -1 1 1 
10 35 38 46 54 14 17 18 25 15 57 12 22 52 47 40 55 6 26 42 61 34 24 53 11 13 51 31 64 28 8 23 16 59 20 30 29 39 45 62 1 63 4 7 50 2 56 43 27 60 36 49 48 19 21 58 9 37 33 5 32 44 41 3 