32
0 1 -1 -1 1 -1 1 1 -1 1 -1 1 1 -1 -1 1 1 1 -1 -1 1 -1 1 1 -1 -1 -1 1 1 1 -1 1 
-1 0 -1 1 1 1 -1 -1 -1 -1 1 -1 1 1 1 1 -1 -1 1 -1 1 -1 1 1 -1 -1 1 1 1 1 -1 1 
1 1 0 1 1 1 -1 -1 1 -1 -1 -1 1 -1 -1 1 -1 -1 1 1 1 1 -1 1 1 -1 -1 -1 -1 -1 1 -1 
1 -1 -1 0 1 -1 -1 1 1 1 -1 1 1 -1 1 -1 1 -1 -1 1 -1 -1 1 1 -1 1 1 -1 -1 -1 1 -1 
-1 -1 -1 -1 0 -1 1 1 -1 -1 1 1 1 1 1 -1 -1 1 -1 1 1 1 1 1 1 -1 1 -1 1 1 -1 -1 
1 -1 -1 1 1 0 1 -1 -1 -1 1 1 1 1 -1 -1 -1 1 -1 1 1 -1 -1 1 1 -1 1 1 -1 -1 1 1 
-1 1 1 1 -1 -1 0 -1 1 -1 1 1 1 1 1 1 1 1 1 1 1 -1 1 -1 1 1 -1 -1 1 1 -1 -1 
-1 1 1 -1 -1 1 1 0 1 -1 1 -1 1 1 -1 -1 -1 1 1 1 1 -1 -1 1 1 -1 1 -1 -1 1 1 1 
1 1 -1 -1 1 1 -1 -1 0 -1 -1 1 1 1 -1 -1 -1 1 -1 -1 1 -1 1 -1 -1 1 1 -1 1 -1 -1 -1 
-1 1 1 -1 1 1 1 1 1 0 -1 -1 -1 -1 -1 1 1 -1 -1 -1 -1 1 1 -1 -1 1 -1 1 1 1 1 -1 
1 -1 1 1 -1 -1 -1 -1 1 1 0 -1 -1 1 -1 1 1 1 -1 1 1 -1 -1 1 1 1 1 1 -1 -1 1 -1 
-1 1 1 -1 -1 -1 -1 1 -1 1 1 0 -1 -1 1 1 -1 1 -1 1 -1 1 1 1 1 -1 -1 1 -1 1 -1 1 
-1 -1 -1 -1 -1 -1 -1 -1 -1 1 1 1 0 1 -1 1 -1 -1 -1 1 -1 -1 -1 1 1 1 -1 1 1 1 1 1 
1 -1 1 1 -1 -1 -1 -1 -1 1 -1 1 -1 0 -1 -1 -1 -1 1 1 -1 -1 -1 -1 -1 1 1 -1 1 -1 1 1 
1 -1 1 -1 -1 1 -1 1 1 1 1 -1 1 1 0 1 1 -1 1 -1 1 1 1 -1 -1 1 -1 -1 -1 1 -1 1 
-1 -1 -1 1 1 1 -1 1 1 -1 -1 -1 -1 1 -1 0 -1 1 1 -1 -1 1 -1 -1 -1 -1 1 1 1 -1 -1 1 
-1 1 1 -1 1 1 -1 1 1 -1 -1 1 1 1 -1 1 0 -1 -1 -1 1 1 -1 -1 -1 -1 1 1 -1 1 -1 1 
-1 1 1 1 -1 -1 -1 -1 -1 1 -1 -1 1 1 1 -1 1 0 -1 1 -1 -1 -1 1 1 -1 -1 1 -1 -1 1 1 
1 -1 -1 1 1 1 -1 -1 1 1 1 1 1 -1 -1 -1 1 1 0 -1 -1 1 1 1 -1 -1 1 -1 1 -1 -1 1 
1 1 -1 -1 -1 -1 -1 -1 1 1 -1 -1 -1 -1 1 1 1 -1 1 0 1 -1 1 1 -1 -1 1 1 -1 1 1 -1 
-1 -1 -1 1 -1 -1 -1 -1 -1 1 -1 1 1 1 -1 1 -1 1 1 -1 0 -1 1 1 1 -1 1 1 -1 1 1 -1 
1 1 -1 1 -1 1 1 1 1 -1 1 -1 1 1 -1 -1 -1 1 -1 1 1 0 1 1 1 -1 1 1 1 -1 -1 1 
-1 -1 1 -1 -1 1 -1 1 -1 -1 1 -1 1 1 -1 1 1 1 -1 -1 -1 -1 0 -1 -1 1 1 1 1 1 1 -1 
-1 -1 -1 -1 -1 -1 1 -1 1 1 -1 -1 -1 1 1 1 1 -1 -1 -1 -1 -1 1 0 1 -1 -1 -1 -1 1 -1 1 
1 1 -1 1 -1 -1 -1 -1 1 1 -1 -1 -1 1 1 1 1 -1 1 1 -1 -1 1 -1 0 1 -1 -1 -1 1 -1 -1 
1 1 1 -1 1 1 -1 1 -1 -1 -1 1 -1 -1 -1 1 1 1 1 1 1 1 -1 1 -1 0 -1 -1 -1 -1 1 1 
1 -1 1 -1 -1 -1 1 -1 -1 1 -1 1 1 -1 1 -1 -1 1 -1 -1 -1 -1 -1 1 1 1 0 -1 -1 -1 -1 -1 
-1 -1 1 1 1 -1 1 1 1 -1 -1 -1 -1 1 1 -1 -1 -1 1 -1 -1 -1 -1 1 1 1 1 0 -1 -1 1 1 
-1 -1 1 1 -1 1 -1 1 -1 -1 1 1 -1 -1 1 -1 1 1 -1 1 1 -1 -1 1 1 1 1 1 0 -1 1 -1 
-1 -1 1 1 -1 1 -1 -1 1 -1 1 -1 -1 1 -1 1 -1 1 1 -1 -1 1 -1 -1 -1 1 1 1 1 0 -1 -1 
1 1 -1 -1 1 -1 1 -1 1 -1 -1 1 -1 -1 1 1 1 -1 1 -1 -1 1 -1 1 1 -1 1 -1 -1 1 0 1 
-1 -1 1 1 1 -1 1 -1 1 1 1 -1 -1 -1 -1 -1 -1 -1 -1 1 1 -1 1 -1 1 -1 1 -1 1 1 -1 0 
7 4 21 18 10 9 32 23 5 25 28 27 6 29 26 31 24 17 19 20 2 1 16 3 15 14 22 13 11 30 8 12 