128
0 1 1 1 1 1 -1 -1 1 -1 -1 -1 1 1 -1 -1 -1 1 1 1 -1 1 1 -1 -1 -1 -1 -1 1 -1 1 1 1 -1 -1 -1 1 1 -1 -1 -1 -1 -1 1 1 1 1 -1 -1 -1 1 -1 1 -1 1 1 -1 -1 1 -1 1 1 1 -1 -1 1 -1 1 -1 -1 -1 1 -1 1 -1 -1 1 -1 1 -1 -1 1 1 -1 -1 1 1 -1 1 -1 -1 -1 1 1 1 -1 -1 -1 1 1 1 -1 1 1 -1 1 1 1 1 -1 -1 -1 -1 1 1 -1 1 -1 1 1 1 -1 1 -1 -1 -1 1 -1 
-1 0 -1 -1 1 1 -1 -1 1 -1 1 1 1 -1 1 -1 1 1 1 -1 1 1 -1 1 -1 1 -1 1 1 -1 1 1 1 1 1 1 -1 1 -1 1 -1 -1 1 -1 1 -1 -1 1 -1 -1 1 1 1 -1 1 1 -1 1 -1 -1 -1 -1 1 1 1 -1 1 1 -1 1 1 1 1 1 1 -1 1 -1 -1 -1 1 -1 1 1 1 1 -1 -1 1 1 -1 -1 -1 1 1 -1 -1 -1 -1 1 1 1 -1 -1 -1 -1 -1 -1 1 1 1 1 1 1 1 1 1 1 -1 -1 1 -1 -1 1 1 1 1 1 
-1 1 0 -1 1 -1 -1 1 -1 1 -1 -1 -1 -1 1 -1 -1 -1 1 -1 -1 1 1 -1 -1 1 -1 -1 1 1 1 -1 -1 1 -1 -1 -1 -1 1 1 1 -1 1 1 -1 1 1 -1 -1 1 -1 -1 -1 1 1 1 -1 1 1 -1 1 -1 -1 1 -1 1 -1 -1 -1 1 -1 -1 1 -1 1 1 1 1 -1 1 1 -1 1 -1 1 1 1 -1 -1 1 1 -1 -1 -1 1 -1 1 -1 1 1 1 1 1 -1 -1 -1 -1 -1 1 1 -1 1 1 -1 1 1 -1 -1 -1 -1 1 -1 1 1 1 1 -1 -1 
-1 1 1 0 -1 -1 -1 1 -1 -1 1 -1 1 -1 1 -1 -1 -1 -1 1 -1 -1 1 -1 -1 -1 1 -1 1 1 -1 -1 1 -1 1 -1 1 1 -1 1 1 1 -1 1 -1 1 1 1 1 -1 1 1 1 1 1 -1 1 -1 1 1 1 1 1 1 -1 -1 -1 1 -1 -1 -1 -1 -1 1 -1 -1 -1 1 -1 -1 1 1 -1 1 1 1 -1 -1 1 1 -1 1 1 1 -1 -1 -1 -1 1 -1 1 -1 -1 1 -1 -1 -1 1 1 1 1 1 1 1 1 -1 1 -1 -1 1 1 1 1 -1 1 -1 -1 1 
-1 -1 -1 1 0 -1 -1 1 1 1 1 1 -1 1 -1 1 1 -1 1 1 1 1 1 1 -1 1 1 -1 1 -1 -1 1 -1 1 1 -1 1 -1 1 1 1 -1 -1 1 -1 1 1 -1 1 -1 1 -1 -1 1 -1 1 1 -1 -1 -1 -1 -1 -1 1 -1 1 -1 1 -1 -1 -1 1 -1 -1 1 1 1 -1 1 -1 -1 -1 1 1 -1 -1 1 -1 -1 1 1 -1 -1 1 -1 1 1 1 -1 1 1 1 -1 -1 -1 1 1 -1 1 -1 1 -1 1 -1 -1 -1 -1 -1 -1 1 -1 1 -1 1 -1 1 -1 1 
-1 -1 1 1 1 0 -1 1 -1 1 1 -1 -1 -1 -1 1 -1 1 1 1 1 1 1 -1 1 -1 1 -1 -1 -1 -1 -1 -1 1 1 1 1 -1 -1 1 -1 1 1 1 1 1 1 1 1 1 1 -1 1 -1 1 -1 1 1 1 1 -1 1 1 1 -1 -1 1 -1 1 -1 1 1 1 1 1 1 -1 -1 -1 -1 -1 -1 -1 -1 -1 1 1 -1 1 -1 -1 1 1 -1 1 1 1 1 -1 1 1 -1 -1 -1 1 1 -1 -1 -1 1 -1 1 1 1 -1 -1 -1 -1 -1 1 1 1 1 -1 1 -1 -1 -1 
1 1 1 1 1 1 0 1 -1 -1 -1 1 -1 -1 -1 -1 1 -1 1 1 -1 -1 -1 1 1 -1 -1 -1 1 -1 1 -1 -1 -1 -1 -1 1 1 1 -1 1 1 1 -1 -1 1 1 -1 1 1 -1 -1 -1 -1 1 1 -1 1 -1 1 -1 -1 1 1 -1 1 -1 1 1 -1 -1 1 1 1 -1 1 1 1 -1 -1 1 -1 1 1 1 1 -1 1 -1 -1 -1 -1 -1 -1 1 1 -1 -1 -1 -1 -1 -1 1 -1 1 1 1 1 -1 -1 -1 -1 1 1 1 -1 1 -1 -1 -1 1 -1 -1 -1 1 -1 1 -1 
1 1 -1 -1 -1 -1 -1 0 -1 -1 -1 -1 -1 -1 1 -1 -1 -1 1 -1 1 -1 1 -1 -1 1 -1 1 -1 -1 1 1 1 -1 -1 -1 1 1 -1 -1 1 1 1 1 1 -1 1 -1 -1 1 -1 -1 1 1 -1 -1 -1 1 1 -1 -1 1 -1 1 -1 1 1 -1 1 -1 1 -1 1 1 1 -1 1 -1 1 1 1 1 -1 -1 1 -1 1 1 -1 1 -1 1 -1 1 1 1 -1 1 -1 -1 1 1 1 1 1 -1 -1 -1 -1 -1 1 -1 -1 -1 1 -1 -1 -1 1 1 1 -1 -1 1 1 1 1 1 
-1 -1 1 1 -1 1 1 1 0 1 -1 -1 -1 1 -1 -1 -1 1 -1 -1 -1 1 1 1 -1 -1 1 1 -1 1 1 -1 -1 -1 1 -1 -1 -1 -1 -1 -1 1 -1 -1 1 -1 1 1 1 1 -1 1 -1 -1 1 -1 -1 -1 1 -1 -1 1 -1 1 1 1 1 -1 1 1 -1 -1 -1 -1 -1 -1 1 1 1 -1 1 1 1 1 1 1 -1 -1 1 -1 -1 1 1 -1 -1 1 -1 -1 -1 1 -1 -1 1 -1 -1 -1 1 -1 -1 1 -1 1 -1 1 -1 -1 1 -1 -1 1 -1 -1 1 -1 1 1 -1 -1 
1 1 -1 1 -1 -1 1 1 -1 0 -1 -1 -1 1 1 -1 1 -1 1 -1 1 -1 1 1 -1 -1 -1 1 -1 -1 1 1 -1 -1 1 -1 1 -1 1 1 -1 -1 1 1 -1 -1 1 1 -1 1 1 1 -1 1 -1 -1 -1 1 1 1 1 1 -1 1 1 1 1 1 1 -1 1 1 -1 1 1 -1 1 1 -1 -1 -1 1 -1 -1 -1 1 -1 1 1 -1 -1 1 1 1 -1 -1 1 1 1 -1 1 -1 -1 -1 1 1 1 -1 1 -1 -1 -1 -1 -1 1 -1 1 -1 -1 -1 1 1 -1 1 -1 -1 1 1 
1 -1 1 -1 -1 -1 1 1 1 1 0 -1 -1 1 -1 1 -1 1 1 -1 -1 -1 -1 -1 1 -1 -1 1 1 -1 -1 1 1 1 1 -1 -1 -1 1 1 1 -1 1 -1 1 1 -1 1 -1 -1 1 1 1 -1 1 1 1 -1 1 -1 1 -1 1 1 1 1 1 1 1 -1 -1 -1 -1 -1 1 1 1 1 1 -1 -1 -1 1 -1 1 -1 -1 1 1 1 1 -1 1 1 -1 1 -1 -1 -1 -1 -1 1 -1 1 -1 -1 -1 -1 1 1 -1 1 -1 1 -1 -1 -1 1 1 -1 -1 1 -1 1 -1 1 1 -1 
1 -1 1 1 -1 1 -1 1 1 1 1 0 1 -1 -1 -1 -1 -1 1 -1 1 1 -1 -1 -1 1 -1 -1 -1 1 1 -1 1 -1 -1 1 -1 1 -1 -1 1 -1 -1 1 1 -1 -1 -1 1 -1 -1 -1 -1 1 1 -1 1 -1 1 1 -1 1 -1 -1 1 1 -1 1 1 1 1 -1 -1 -1 -1 -1 -1 -1 1 1 -1 -1 1 1 1 1 1 -1 1 1 1 1 -1 -1 1 -1 -1 1 1 1 1 -1 -1 -1 -1 -1 1 1 1 1 1 -1 1 -1 1 -1 -1 1 -1 -1 -1 -1 -1 -1 -1 1 -1 -1 
-1 -1 1 -1 1 1 1 1 1 1 1 -1 0 -1 -1 1 -1 1 1 -1 -1 1 -1 -1 1 1 1 -1 -1 -1 -1 -1 1 -1 1 1 1 1 1 -1 -1 -1 1 1 1 -1 -1 -1 1 -1 1 1 1 -1 1 -1 -1 -1 1 -1 1 1 1 -1 -1 1 1 1 1 -1 -1 -1 -1 -1 -1 -1 -1 1 -1 -1 -1 -1 -1 1 -1 1 -1 1 -1 -1 1 1 1 -1 -1 -1 -1 -1 1 1 -1 1 1 1 -1 -1 -1 1 1 1 1 -1 1 1 -1 1 -1 -1 -1 1 1 1 1 -1 1 -1 -1 -1 
-1 1 1 1 -1 1 1 1 -1 -1 -1 1 1 0 -1 1 -1 1 -1 1 -1 1 1 -1 1 -1 1 -1 1 -1 1 -1 1 1 -1 -1 1 1 1 -1 -1 1 1 1 -1 -1 -1 1 -1 1 1 -1 1 -1 1 1 -1 1 1 -1 1 -1 1 -1 1 -1 1 1 1 1 -1 -1 -1 1 1 1 -1 -1 1 -1 -1 -1 -1 1 -1 1 1 1 1 1 -1 -1 1 -1 -1 -1 -1 -1 -1 -1 -1 -1 -1 -1 -1 -1 -1 -1 1 1 -1 1 -1 -1 1 -1 -1 -1 -1 -1 -1 1 -1 -1 -1 -1 1 -1 
1 -1 -1 -1 1 1 1 -1 1 -1 1 1 1 1 0 1 1 1 -1 1 1 1 -1 -1 1 1 -1 1 1 1 -1 -1 1 -1 -1 1 1 -1 -1 -1 1 -1 1 1 -1 1 1 -1 1 -1 -1 1 -1 1 -1 -1 -1 -1 -1 -1 -1 -1 1 1 1 -1 -1 -1 1 1 -1 1 1 1 -1 -1 1 -1 1 1 1 -1 -1 1 -1 1 -1 1 1 -1 -1 -1 -1 1 -1 1 -1 1 1 1 1 -1 1 -1 1 1 1 -1 -1 1 1 1 1 1 -1 1 -1 1 1 -1 1 -1 1 1 1 1 1 -1 
1 1 1 1 -1 -1 1 1 1 1 -1 1 -1 -1 -1 0 1 -1 1 1 1 -1 1 -1 -1 -1 -1 -1 -1 -1 -1 1 -1 1 -1 1 -1 1 1 1 -1 -1 1 1 -1 1 1 1 -1 1 1 -1 -1 -1 1 1 1 -1 -1 1 1 1 -1 1 1 1 1 -1 1 -1 -1 -1 -1 -1 1 -1 1 -1 1 -1 1 -1 -1 -1 1 -1 1 -1 1 1 -1 1 1 -1 -1 1 -1 1 -1 -1 -1 -1 -1 1 1 1 -1 -1 -1 -1 -1 -1 1 -1 -1 1 1 -1 -1 -1 -1 1 -1 -1 -1 -1 1 1 
1 -1 1 1 -1 1 -1 1 1 -1 1 1 1 1 -1 -1 0 1 1 -1 -1 -1 1 -1 1 -1 1 -1 1 -1 1 1 1 -1 -1 -1 1 1 -1 -1 1 1 -1 1 -1 -1 -1 1 -1 1 -1 -1 1 -1 1 1 1 1 -1 -1 1 -1 -1 -1 -1 1 -1 -1 -1 1 1 1 -1 -1 -1 1 1 -1 1 1 1 1 -1 1 -1 1 1 1 -1 1 -1 -1 1 -1 1 -1 -1 1 -1 -1 1 1 1 -1 -1 -1 1 1 1 -1 -1 1 1 -1 -1 1 -1 -1 1 1 1 1 1 1 1 -1 -1 1 
-1 -1 1 1 1 -1 1 1 -1 1 -1 1 -1 -1 -1 1 -1 0 1 -1 -1 1 -1 1 -1 1 -1 -1 1 1 -1 1 -1 1 -1 1 1 -1 1 1 -1 1 -1 1 1 1 1 1 1 -1 1 -1 1 -1 1 1 1 1 -1 -1 1 1 -1 -1 1 -1 -1 -1 -1 -1 1 1 -1 -1 1 1 1 -1 1 1 -1 -1 1 -1 -1 1 1 1 1 -1 1 -1 -1 -1 -1 -1 1 1 -1 -1 1 -1 -1 1 -1 -1 -1 1 1 1 -1 1 -1 1 1 1 -1 -1 1 -1 1 1 1 -1 1 -1 -1 1 
-1 -1 -1 1 -1 -1 -1 -1 1 -1 -1 -1 -1 1 1 -1 -1 -1 0 1 1 1 -1 1 1 -1 1 -1 1 1 -1 1 1 -1 1 1 -1 -1 -1 1 1 -1 -1 1 -1 -1 1 -1 1 1 -1 1 1 1 1 1 1 -1 1 1 1 1 1 -1 1 1 1 -1 1 1 1 1 1 -1 1 1 1 1 -1 -1 1 1 -1 1 -1 -1 1 -1 -1 -1 -1 -1 1 -1 1 -1 -1 1 -1 -1 -1 -1 1 1 -1 -1 1 1 -1 -1 -1 1 -1 -1 -1 -1 -1 1 1 1 1 -1 -1 1 -1 -1 1 -1 
-1 1 1 -1 -1 -1 -1 1 1 1 1 1 1 -1 -1 -1 1 1 -1 0 -1 1 1 1 -1 1 -1 -1 -1 -1 1 -1 -1 1 -1 -1 -1 -1 1 -1 1 1 1 1 -1 1 1 -1 1 -1 -1 1 -1 1 1 -1 -1 -1 -1 -1 -1 -1 -1 -1 1 1 1 -1 1 -1 -1 1 1 1 -1 1 1 1 1 1 -1 -1 -1 1 1 -1 1 1 1 1 1 -1 -1 -1 -1 1 -1 1 -1 -1 -1 1 1 -1 1 -1 1 1 1 -1 -1 1 -1 -1 -1 1 1 -1 1 -1 -1 -1 -1 -1 -1 1 -1 -1 
1 -1 1 1 -1 -1 1 -1 1 -1 1 -1 1 1 -1 -1 1 1 -1 1 0 -1 -1 1 1 -1 -1 -1 1 -1 -1 -1 1 1 1 -1 -1 -1 -1 -1 -1 -1 1 1 1 1 1 1 -1 -1 -1 -1 -1 -1 1 1 -1 1 -1 1 1 -1 1 -1 1 1 -1 1 1 -1 1 1 1 1 -1 1 1 -1 1 -1 1 -1 1 -1 1 -1 -1 -1 1 1 1 -1 -1 1 1 -1 1 1 1 1 -1 -1 -1 1 1 1 -1 1 1 1 -1 1 -1 1 -1 1 1 1 1 1 1 1 1 -1 1 1 -1 1 
-1 -1 -1 1 -1 -1 1 1 -1 1 1 -1 -1 -1 -1 1 1 -1 -1 -1 1 0 -1 -1 -1 -1 -1 1 1 1 1 1 -1 -1 1 1 -1 -1 -1 1 1 1 1 -1 1 -1 -1 -1 -1 1 -1 1 -1 1 1 1 1 -1 1 -1 1 1 1 -1 -1 -1 -1 -1 -1 -1 1 1 -1 1 1 1 1 1 -1 -1 1 -1 -1 1 1 -1 1 -1 1 -1 -1 -1 -1 -1 1 -1 -1 1 -1 -1 -1 -1 -1 -1 -1 -1 -1 -1 1 -1 -1 -1 -1 1 1 -1 -1 -1 -1 1 -1 1 1 1 -1 -1 1 -1 
-1 1 -1 -1 -1 -1 1 -1 -1 -1 1 1 1 -1 1 -1 -1 1 1 -1 1 1 0 -1 -1 -1 -1 1 -1 -1 1 1 1 1 -1 1 1 -1 -1 1 -1 1 -1 1 -1 -1 -1 -1 -1 -1 1 1 -1 -1 -1 1 1 -1 -1 -1 1 -1 1 -1 1 1 1 1 1 1 1 -1 1 -1 1 1 -1 -1 -1 1 1 1 -1 1 1 -1 -1 1 -1 1 1 -1 -1 1 -1 -1 1 -1 1 -1 -1 -1 -1 -1 -1 1 -1 -1 1 1 -1 1 1 1 1 -1 -1 -1 1 -1 -1 -1 1 -1 -1 -1 1 -1 
1 -1 1 1 -1 1 -1 1 -1 -1 1 1 1 1 1 1 1 -1 -1 -1 -1 1 1 0 1 -1 1 1 -1 1 1 -1 -1 -1 -1 1 1 -1 1 -1 -1 -1 1 -1 1 -1 1 -1 -1 1 1 -1 -1 -1 1 1 1 -1 1 -1 -1 1 -1 -1 1 1 -1 -1 1 1 -1 -1 -1 1 -1 1 1 1 1 1 -1 -1 1 1 1 1 -1 1 -1 -1 -1 1 1 -1 -1 1 -1 -1 1 1 -1 1 -1 1 1 -1 1 1 1 1 -1 -1 -1 1 -1 1 -1 -1 1 -1 -1 1 -1 1 1 -1 -1 -1 
1 1 1 1 1 -1 -1 1 1 1 -1 1 -1 -1 -1 1 -1 1 -1 1 -1 1 1 -1 0 1 1 1 -1 1 -1 -1 -1 1 -1 1 -1 1 1 -1 -1 1 1 1 -1 1 -1 -1 1 -1 1 1 1 1 -1 1 1 1 -1 -1 1 -1 1 1 1 1 -1 -1 1 -1 -1 -1 -1 1 1 1 1 -1 -1 1 -1 1 -1 -1 -1 1 -1 -1 1 1 1 -1 -1 -1 -1 -1 1 -1 -1 -1 1 1 -1 1 -1 -1 1 -1 -1 -1 1 -1 1 1 1 -1 1 -1 1 1 1 -1 -1 -1 1 -1 1 1 
1 -1 -1 1 -1 1 1 -1 1 1 1 -1 -1 1 -1 1 1 -1 1 -1 1 1 1 1 -1 0 -1 -1 -1 -1 1 1 1 -1 1 1 1 -1 -1 1 1 1 -1 -1 1 -1 1 -1 1 1 1 -1 1 -1 1 1 1 -1 -1 -1 -1 -1 -1 -1 -1 1 1 -1 -1 1 1 1 1 1 1 -1 1 1 -1 1 1 -1 1 1 -1 -1 1 1 1 -1 -1 1 1 1 1 1 -1 1 1 -1 1 1 -1 1 1 -1 -1 -1 1 -1 -1 -1 1 1 1 -1 -1 1 -1 1 1 -1 1 -1 -1 -1 1 1 
1 1 1 -1 -1 -1 1 1 -1 1 1 1 -1 -1 1 1 -1 1 -1 1 1 1 1 -1 -1 1 0 1 1 -1 -1 1 -1 1 1 -1 -1 -1 -1 1 -1 1 -1 -1 -1 -1 1 -1 -1 -1 -1 -1 -1 -1 -1 -1 -1 1 -1 -1 1 1 -1 -1 -1 -1 1 -1 1 1 1 1 1 -1 -1 -1 1 -1 -1 -1 -1 -1 1 -1 -1 1 -1 1 1 -1 1 -1 1 1 -1 -1 1 1 1 -1 1 1 -1 1 1 1 1 1 -1 -1 -1 1 1 1 -1 1 1 -1 -1 1 1 1 -1 1 -1 -1 1 1 
1 -1 1 1 1 1 1 -1 -1 -1 -1 1 1 1 -1 1 1 1 1 1 1 -1 -1 -1 -1 1 -1 0 1 -1 -1 1 1 1 1 1 1 -1 -1 1 -1 1 1 1 1 1 -1 -1 -1 -1 -1 1 -1 -1 -1 1 -1 -1 -1 1 -1 -1 -1 1 1 1 1 1 1 1 -1 1 -1 -1 -1 -1 1 -1 1 1 -1 -1 1 1 -1 -1 -1 -1 -1 -1 -1 -1 1 -1 -1 1 -1 -1 -1 -1 1 1 -1 -1 -1 1 -1 1 1 1 1 1 -1 -1 -1 1 1 1 -1 -1 1 1 1 -1 1 1 -1 1 
-1 -1 -1 -1 -1 1 -1 1 1 1 -1 1 1 -1 -1 1 -1 -1 -1 1 -1 -1 1 1 1 1 -1 -1 0 1 1 -1 -1 -1 1 -1 1 -1 -1 -1 1 1 1 1 1 1 1 1 1 -1 -1 1 1 1 -1 1 1 -1 1 -1 1 1 1 -1 -1 1 -1 1 1 1 -1 1 -1 -1 1 1 -1 -1 -1 -1 -1 1 1 -1 1 1 -1 -1 1 -1 -1 -1 1 -1 -1 1 -1 -1 -1 1 1 -1 1 -1 1 -1 1 -1 -1 1 1 1 1 -1 -1 1 -1 -1 1 -1 -1 -1 -1 1 -1 1 -1 1 
1 1 -1 -1 1 1 1 1 -1 1 1 -1 1 1 -1 1 1 -1 -1 1 1 -1 1 -1 -1 1 1 1 -1 0 -1 -1 -1 -1 1 -1 1 1 -1 1 -1 -1 1 1 1 1 1 -1 1 1 -1 -1 -1 -1 -1 1 -1 -1 1 1 1 -1 1 1 1 1 -1 1 1 1 1 1 1 -1 -1 1 1 -1 1 1 -1 -1 1 1 1 1 -1 1 1 1 -1 -1 1 1 -1 -1 1 1 1 -1 1 -1 1 1 1 1 -1 1 1 -1 -1 1 1 -1 1 -1 1 1 -1 1 -1 -1 -1 1 1 1 1 1 
-1 -1 -1 1 1 1 -1 -1 -1 -1 1 -1 1 -1 1 1 -1 1 1 -1 1 -1 -1 -1 1 -1 1 1 -1 1 0 1 1 1 -1 1 -1 -1 1 1 1 -1 1 -1 -1 -1 1 1 1 1 1 1 1 1 -1 1 -1 -1 -1 -1 1 1 -1 -1 -1 1 1 -1 -1 1 1 1 -1 -1 1 -1 -1 1 -1 1 -1 -1 -1 -1 -1 -1 -1 1 1 -1 -1 1 -1 -1 1 -1 1 -1 1 -1 -1 -1 -1 1 1 1 -1 1 1 -1 1 1 1 -1 -1 -1 1 -1 -1 1 1 1 -1 -1 -1 -1 1 -1 
-1 -1 1 1 -1 1 1 -1 1 -1 -1 1 1 1 1 -1 -1 -1 -1 1 1 -1 -1 1 1 -1 -1 -1 1 1 -1 0 1 1 1 -1 -1 1 -1 1 -1 1 -1 1 -1 1 1 -1 1 -1 1 1 1 1 -1 -1 1 -1 -1 1 1 -1 1 -1 1 -1 1 1 -1 -1 1 -1 1 -1 -1 -1 1 -1 -1 -1 1 -1 -1 -1 1 -1 -1 1 -1 1 1 -1 1 -1 -1 -1 -1 1 1 -1 -1 -1 1 -1 -1 1 -1 -1 1 1 1 -1 1 -1 -1 1 -1 1 1 1 1 1 -1 1 1 1 1 -1 
-1 -1 1 -1 1 1 1 -1 1 1 -1 -1 -1 -1 -1 1 -1 1 -1 1 -1 1 -1 1 1 -1 1 -1 1 1 -1 -1 0 -1 1 -1 -1 -1 -1 -1 -1 1 1 1 -1 -1 1 -1 1 -1 -1 1 1 1 1 1 1 -1 1 1 -1 -1 1 -1 1 -1 1 1 -1 -1 1 1 -1 1 -1 -1 1 -1 -1 1 1 1 -1 -1 -1 1 -1 -1 -1 1 -1 1 -1 -1 1 1 -1 1 -1 -1 1 1 -1 -1 1 -1 -1 -1 1 -1 -1 1 1 -1 -1 1 -1 -1 -1 1 -1 -1 -1 -1 1 -1 1 -1 
1 -1 -1 1 -1 -1 1 1 1 1 -1 1 1 -1 1 -1 1 -1 1 -1 -1 1 -1 1 -1 1 -1 -1 1 1 -1 -1 1 0 -1 1 -1 1 -1 -1 -1 1 -1 1 1 1 1 -1 1 1 1 1 1 -1 -1 1 1 1 -1 1 -1 -1 1 1 -1 1 1 1 1 1 -1 -1 1 1 1 -1 -1 1 -1 -1 1 1 1 1 1 -1 1 -1 -1 1 1 1 -1 -1 1 1 1 1 1 -1 -1 -1 1 -1 1 1 1 -1 1 1 1 -1 1 1 -1 -1 1 -1 -1 1 1 -1 -1 -1 -1 -1 -1 1 
1 -1 1 -1 -1 -1 1 1 -1 -1 -1 1 -1 1 1 1 1 1 -1 1 -1 -1 1 1 1 -1 -1 -1 -1 -1 1 -1 -1 1 0 -1 1 -1 -1 -1 -1 -1 -1 -1 1 1 1 1 -1 1 -1 1 1 1 -1 -1 -1 -1 -1 1 -1 1 1 1 1 1 1 -1 1 1 1 -1 -1 -1 -1 -1 -1 -1 -1 -1 1 -1 -1 1 -1 -1 -1 -1 -1 -1 1 -1 -1 -1 1 1 -1 -1 1 1 1 1 1 -1 -1 1 1 -1 1 -1 1 1 -1 1 -1 1 1 -1 -1 -1 1 1 -1 1 1 1 -1 1 
1 -1 1 1 1 -1 1 1 1 1 1 -1 -1 1 -1 -1 1 -1 -1 1 1 -1 -1 -1 -1 -1 1 -1 1 1 -1 1 1 -1 1 0 -1 -1 1 -1 -1 1 -1 -1 1 1 1 -1 -1 -1 -1 1 1 1 1 -1 1 1 -1 -1 -1 1 1 1 -1 1 1 -1 -1 -1 1 1 -1 1 -1 -1 -1 1 1 -1 1 -1 -1 1 1 -1 1 -1 -1 -1 1 -1 -1 1 1 1 -1 1 -1 -1 -1 -1 -1 1 -1 1 -1 1 -1 -1 -1 1 1 1 1 -1 -1 1 -1 1 1 1 1 1 1 1 1 1 
-1 1 1 -1 -1 -1 -1 -1 1 -1 1 1 -1 -1 -1 1 -1 -1 1 1 1 1 -1 -1 1 -1 1 -1 -1 -1 1 1 1 1 -1 1 0 -1 -1 1 -1 1 1 -1 -1 -1 1 1 -1 1 -1 1 -1 -1 1 -1 -1 1 -1 -1 -1 -1 1 -1 1 1 1 1 1 -1 1 -1 -1 -1 -1 -1 -1 1 1 1 1 1 1 -1 -1 -1 1 -1 -1 1 -1 1 1 1 1 -1 -1 -1 -1 1 1 1 1 1 1 1 1 -1 -1 -1 -1 1 -1 -1 -1 -1 1 -1 -1 -1 1 1 -1 -1 1 1 1 -1 
-1 -1 1 -1 1 1 -1 -1 1 1 1 -1 -1 -1 1 -1 -1 1 1 1 1 1 1 1 -1 1 1 1 1 -1 1 -1 1 -1 1 1 1 0 1 -1 -1 1 1 -1 1 1 -1 -1 -1 -1 -1 1 1 -1 -1 -1 1 1 -1 1 -1 1 -1 1 1 -1 1 -1 1 -1 1 1 1 1 -1 1 -1 -1 -1 1 1 1 -1 -1 -1 1 -1 -1 1 -1 -1 -1 1 1 -1 -1 -1 1 1 1 1 1 1 -1 1 1 1 1 -1 -1 -1 -1 -1 1 -1 -1 1 1 1 -1 1 -1 1 1 -1 -1 -1 1 
1 1 -1 1 -1 1 -1 1 1 -1 -1 1 -1 -1 1 -1 1 -1 1 -1 1 1 1 -1 -1 1 1 1 1 1 -1 1 1 1 1 -1 1 -1 0 1 1 -1 1 1 -1 1 1 -1 1 -1 -1 1 1 1 1 -1 -1 1 -1 1 -1 -1 -1 1 1 -1 1 1 1 1 -1 1 -1 1 -1 1 1 1 -1 -1 1 1 1 -1 1 1 -1 -1 1 -1 1 1 1 1 -1 -1 1 -1 -1 -1 -1 -1 -1 -1 -1 -1 1 1 -1 -1 -1 1 1 -1 -1 -1 -1 -1 -1 -1 1 -1 1 -1 -1 -1 1 1 
1 -1 -1 -1 -1 -1 1 1 1 -1 -1 1 1 1 1 -1 1 -1 -1 1 1 -1 -1 1 1 -1 -1 -1 1 -1 -1 -1 1 1 1 1 -1 1 -1 0 1 1 -1 1 1 -1 1 1 -1 1 -1 1 1 -1 -1 -1 1 -1 1 1 1 -1 1 -1 -1 -1 -1 -1 1 -1 1 -1 1 -1 -1 1 -1 -1 -1 -1 1 -1 -1 1 -1 1 -1 1 -1 -1 1 1 -1 -1 -1 -1 -1 1 -1 1 -1 1 -1 -1 -1 -1 1 -1 1 -1 -1 1 1 1 1 1 1 1 1 1 -1 1 1 -1 -1 1 -1 1 
1 1 -1 -1 -1 1 -1 -1 1 1 -1 -1 1 1 -1 1 -1 1 -1 -1 1 -1 1 1 1 -1 1 1 -1 1 -1 1 1 1 1 1 1 1 -1 -1 0 -1 -1 1 -1 -1 1 -1 -1 -1 1 -1 -1 1 1 -1 1 -1 -1 1 -1 1 -1 -1 -1 -1 1 1 -1 1 -1 1 -1 1 1 1 -1 -1 1 1 -1 1 1 -1 -1 1 -1 -1 1 -1 -1 1 -1 -1 1 1 -1 -1 1 -1 1 1 -1 -1 -1 1 1 1 1 1 1 1 1 -1 1 1 1 1 1 -1 -1 -1 1 1 -1 -1 1 -1 
1 1 1 -1 1 -1 -1 -1 -1 1 1 1 1 -1 1 1 -1 -1 1 -1 1 -1 -1 1 -1 -1 -1 -1 -1 1 1 -1 -1 -1 1 -1 -1 -1 1 -1 1 0 1 1 -1 -1 -1 1 -1 1 1 -1 1 1 1 -1 -1 -1 -1 -1 -1 -1 1 -1 -1 -1 1 -1 -1 -1 -1 -1 -1 1 -1 1 1 -1 -1 1 -1 -1 1 -1 1 1 -1 -1 -1 1 -1 1 -1 1 -1 1 1 -1 1 -1 -1 1 -1 1 1 -1 -1 -1 -1 -1 1 1 -1 -1 -1 1 -1 1 -1 1 -1 -1 -1 -1 -1 -1 -1 1 
1 -1 -1 1 1 -1 -1 -1 1 -1 -1 1 -1 -1 -1 -1 1 1 1 -1 -1 -1 1 -1 -1 1 1 -1 -1 -1 -1 1 -1 1 1 1 -1 -1 -1 1 1 -1 0 1 1 1 1 -1 -1 -1 1 -1 -1 -1 1 1 1 -1 1 1 1 -1 -1 -1 1 1 -1 1 -1 1 1 1 1 1 -1 -1 -1 -1 1 -1 1 -1 -1 1 -1 1 1 1 -1 1 1 -1 1 -1 -1 1 1 1 -1 -1 1 1 -1 -1 1 1 1 -1 1 1 -1 1 -1 -1 1 1 -1 1 -1 1 -1 -1 -1 1 -1 1 1 1 
-1 1 -1 -1 -1 -1 1 -1 1 -1 1 -1 -1 -1 -1 -1 -1 -1 -1 -1 -1 1 -1 1 -1 1 1 -1 -1 -1 1 -1 -1 -1 1 1 1 1 -1 -1 -1 -1 -1 0 -1 -1 -1 1 1 1 -1 -1 -1 -1 -1 1 -1 1 1 1 1 -1 -1 -1 1 -1 1 -1 -1 -1 -1 1 -1 -1 -1 1 -1 1 -1 -1 1 -1 1 1 1 1 1 -1 1 1 -1 -1 1 1 -1 1 -1 1 -1 1 -1 -1 1 -1 -1 1 1 1 -1 -1 -1 1 -1 1 -1 -1 -1 -1 1 1 1 1 -1 -1 -1 -1 1 -1 
-1 -1 1 1 1 -1 1 -1 -1 1 -1 -1 -1 1 1 1 1 -1 1 1 -1 -1 1 -1 1 -1 1 -1 -1 -1 1 1 1 -1 -1 -1 1 -1 1 -1 1 1 -1 1 0 1 1 1 1 1 -1 1 -1 1 1 -1 -1 -1 -1 1 1 -1 -1 -1 1 1 -1 -1 -1 -1 1 -1 1 1 1 -1 1 1 -1 1 -1 -1 1 -1 -1 -1 -1 -1 1 1 -1 1 -1 -1 -1 1 1 1 1 -1 -1 -1 1 -1 -1 1 -1 -1 1 1 -1 1 -1 -1 1 1 1 1 1 -1 1 1 -1 1 1 -1 1 1 
-1 1 -1 -1 -1 -1 -1 1 1 1 -1 1 1 1 -1 -1 1 -1 1 -1 -1 1 1 1 -1 1 1 -1 -1 -1 1 -1 1 -1 -1 -1 1 -1 -1 1 1 1 -1 1 -1 0 1 1 -1 1 1 -1 1 -1 -1 1 -1 -1 -1 1 -1 1 -1 1 1 1 -1 -1 -1 -1 1 1 1 -1 -1 1 -1 -1 -1 -1 -1 -1 -1 -1 1 -1 1 -1 -1 -1 -1 -1 1 1 -1 -1 -1 -1 -1 -1 1 -1 -1 1 -1 1 -1 1 -1 1 -1 -1 -1 -1 1 -1 1 1 -1 -1 1 1 1 -1 1 1 -1 1 
-1 1 -1 -1 -1 -1 -1 -1 -1 -1 1 1 1 1 -1 -1 1 -1 -1 -1 -1 1 1 -1 1 -1 -1 1 -1 -1 -1 -1 -1 -1 -1 -1 -1 1 -1 -1 -1 1 -1 1 -1 -1 0 1 1 1 -1 -1 1 -1 1 1 -1 1 -1 -1 1 -1 1 -1 -1 1 1 1 -1 1 1 1 1 1 -1 1 1 1 -1 1 1 1 1 1 -1 -1 -1 1 -1 1 -1 1 1 -1 -1 -1 -1 -1 1 1 -1 1 1 1 -1 1 1 -1 1 1 -1 1 -1 1 1 -1 1 1 1 1 1 1 1 1 1 -1 -1 -1 
1 -1 1 -1 1 -1 1 1 -1 -1 -1 1 1 -1 1 -1 -1 -1 1 1 -1 1 1 1 1 1 1 1 -1 1 -1 1 1 1 -1 1 -1 1 1 -1 1 -1 1 -1 -1 -1 -1 0 -1 -1 1 -1 -1 -1 1 1 -1 -1 -1 1 1 -1 -1 -1 -1 1 1 -1 1 1 -1 1 1 -1 -1 -1 -1 1 1 1 -1 -1 -1 1 1 1 -1 -1 -1 1 1 1 1 1 -1 -1 -1 1 -1 -1 -1 -1 -1 1 1 1 -1 1 1 1 -1 -1 1 -1 1 -1 1 -1 1 -1 -1 -1 -1 -1 1 1 1 -1 
1 1 1 -1 -1 -1 -1 1 -1 1 1 -1 -1 1 -1 1 1 -1 -1 -1 1 1 1 1 -1 -1 1 1 -1 -1 -1 -1 -1 -1 1 1 1 1 -1 1 1 1 1 -1 -1 1 -1 1 0 -1 1 1 1 1 -1 -1 1 -1 -1 -1 -1 -1 -1 -1 1 -1 1 -1 -1 -1 1 -1 1 -1 -1 1 -1 1 -1 -1 -1 -1 1 -1 -1 1 -1 1 -1 1 -1 1 -1 1 -1 -1 1 1 1 -1 1 -1 1 -1 1 1 1 -1 1 -1 1 -1 -1 -1 -1 1 1 -1 -1 -1 -1 1 1 1 -1 1 -1 -1 
1 1 -1 1 1 -1 -1 -1 -1 -1 1 1 1 -1 1 -1 -1 1 -1 1 1 -1 1 -1 1 -1 1 1 1 -1 -1 1 1 -1 -1 1 -1 1 1 -1 1 -1 1 -1 -1 -1 -1 1 1 0 -1 -1 1 -1 1 -1 -1 1 -1 1 -1 -1 -1 1 1 1 -1 1 -1 -1 1 1 -1 1 -1 1 1 -1 -1 1 1 -1 -1 -1 -1 1 -1 -1 -1 1 -1 1 -1 -1 1 1 -1 -1 1 1 -1 1 1 -1 1 -1 -1 1 1 1 1 1 -1 -1 -1 -1 1 -1 1 1 1 -1 1 1 1 -1 1 1 
-1 -1 1 -1 -1 -1 1 1 1 -1 -1 1 -1 -1 1 -1 1 -1 1 1 1 1 -1 -1 -1 -1 1 1 1 1 -1 -1 1 -1 1 1 1 1 1 1 -1 -1 -1 1 1 -1 1 -1 -1 1 0 1 1 1 1 -1 1 1 -1 -1 1 -1 1 -1 1 -1 1 -1 -1 -1 -1 -1 1 -1 -1 -1 -1 1 1 -1 1 1 -1 1 1 -1 1 1 -1 -1 1 -1 -1 -1 1 1 -1 1 1 1 1 1 -1 1 1 1 1 1 -1 1 1 -1 -1 1 -1 -1 -1 -1 -1 -1 1 -1 -1 1 -1 -1 -1 -1 
1 -1 1 -1 1 1 1 1 -1 -1 -1 1 -1 1 -1 1 1 1 -1 -1 1 -1 -1 1 -1 1 1 -1 -1 1 -1 -1 -1 -1 -1 -1 -1 -1 -1 -1 1 1 1 1 -1 1 1 1 -1 1 -1 0 1 -1 1 1 1 1 1 -1 -1 -1 -1 1 1 -1 1 1 1 1 -1 1 -1 1 -1 -1 -1 1 -1 1 1 1 -1 1 -1 -1 -1 -1 -1 -1 -1 -1 -1 1 -1 -1 -1 1 1 -1 -1 -1 -1 -1 -1 1 1 1 1 -1 -1 -1 1 1 1 1 1 1 1 1 1 1 -1 -1 1 1 1 1 
-1 -1 1 -1 1 -1 1 -1 1 1 -1 1 -1 -1 1 1 -1 -1 -1 1 1 1 1 1 -1 -1 1 1 -1 1 -1 -1 -1 -1 -1 -1 1 -1 -1 -1 1 -1 1 1 1 -1 -1 1 -1 -1 -1 -1 0 1 1 1 1 -1 1 -1 -1 1 1 1 1 -1 -1 1 1 -1 1 -1 1 -1 1 -1 1 1 1 1 -1 1 1 1 1 1 1 -1 1 1 -1 -1 -1 -1 1 -1 -1 -1 1 -1 1 1 1 -1 -1 -1 -1 -1 1 1 -1 -1 -1 1 -1 -1 1 -1 1 1 -1 -1 -1 1 1 -1 -1 1 
1 1 -1 -1 -1 1 1 -1 1 -1 1 -1 1 1 -1 1 1 1 -1 -1 1 -1 1 1 -1 1 1 1 -1 1 -1 -1 -1 1 -1 -1 1 1 -1 1 -1 -1 1 1 -1 1 1 1 -1 1 -1 1 -1 0 1 -1 -1 1 -1 1 -1 -1 1 1 -1 1 1 1 -1 1 -1 -1 -1 -1 1 -1 -1 -1 -1 -1 -1 -1 -1 1 1 1 1 1 1 1 -1 1 -1 -1 1 1 -1 -1 1 -1 1 -1 -1 1 1 1 1 -1 -1 1 -1 -1 1 1 1 1 -1 -1 -1 -1 1 -1 -1 -1 -1 1 -1 1 
-1 -1 -1 -1 1 -1 -1 1 -1 1 -1 -1 -1 -1 1 -1 -1 -1 -1 -1 -1 -1 1 -1 1 -1 1 1 1 1 1 1 -1 1 1 -1 -1 1 -1 1 -1 -1 -1 1 -1 1 -1 -1 1 -1 -1 -1 -1 -1 0 1 1 1 -1 1 -1 1 1 -1 -1 -1 -1 1 1 -1 -1 -1 -1 1 1 1 1 -1 1 -1 1 1 1 1 -1 -1 1 -1 -1 -1 1 -1 1 1 1 -1 1 1 -1 -1 -1 -1 -1 -1 -1 1 1 -1 1 -1 -1 1 1 1 1 1 1 1 1 1 -1 1 1 1 1 -1 -1 -1 
-1 -1 -1 1 -1 1 -1 1 1 1 -1 1 1 -1 1 -1 -1 -1 -1 1 -1 -1 -1 -1 -1 -1 1 -1 -1 -1 -1 1 -1 -1 1 1 1 1 1 1 1 1 -1 -1 1 -1 -1 -1 1 1 1 -1 -1 1 -1 0 1 -1 1 1 -1 1 1 -1 -1 1 -1 -1 -1 -1 1 -1 -1 1 1 1 -1 1 -1 -1 -1 1 -1 -1 -1 1 1 -1 -1 -1 1 1 -1 -1 1 -1 -1 -1 -1 1 1 1 1 1 1 -1 -1 1 -1 -1 1 1 -1 -1 1 1 1 -1 -1 -1 1 -1 -1 1 1 1 -1 -1 
1 1 1 -1 -1 -1 1 1 1 1 -1 -1 1 1 1 -1 -1 -1 -1 1 1 -1 -1 -1 -1 -1 1 1 -1 1 1 -1 -1 -1 1 -1 1 -1 1 -1 -1 1 -1 1 1 1 1 1 -1 1 -1 -1 -1 1 -1 -1 0 -1 1 1 1 -1 1 -1 1 -1 1 1 1 -1 -1 -1 -1 -1 -1 1 1 -1 -1 -1 1 -1 1 1 1 -1 1 -1 1 -1 -1 1 -1 1 1 -1 -1 -1 1 -1 -1 1 1 1 1 1 1 1 -1 1 1 -1 1 1 -1 1 1 -1 1 -1 1 1 -1 1 1 1 1 1 
1 -1 -1 1 1 -1 -1 -1 1 -1 1 1 1 -1 1 1 -1 -1 1 1 -1 1 1 1 -1 1 -1 1 1 1 1 1 1 -1 1 -1 -1 -1 -1 1 1 1 1 -1 1 1 -1 1 1 -1 -1 -1 1 -1 -1 1 1 0 -1 -1 1 1 -1 1 1 1 -1 -1 -1 -1 1 1 1 -1 -1 1 -1 -1 -1 -1 1 -1 -1 -1 -1 1 1 1 1 1 1 1 -1 -1 1 -1 1 -1 -1 -1 -1 -1 -1 1 -1 -1 -1 1 1 -1 -1 1 -1 -1 -1 1 1 1 -1 -1 1 -1 1 1 -1 -1 1 -1 
-1 1 -1 -1 1 -1 1 -1 -1 -1 -1 -1 -1 -1 1 1 1 1 -1 1 1 -1 1 -1 1 1 1 1 -1 -1 1 1 -1 1 1 1 1 1 1 -1 1 1 -1 -1 1 1 1 1 1 1 1 -1 -1 1 1 -1 -1 1 0 -1 -1 1 1 -1 1 -1 1 -1 -1 -1 1 1 1 1 -1 -1 -1 1 1 1 -1 1 1 1 -1 -1 -1 -1 1 -1 1 -1 -1 -1 1 1 1 1 1 -1 1 1 -1 1 -1 1 -1 -1 1 -1 -1 1 1 1 -1 -1 1 -1 1 -1 1 -1 1 1 -1 1 1 -1 
1 1 1 -1 1 -1 -1 1 1 -1 1 -1 1 1 1 -1 1 1 -1 1 -1 1 1 1 1 1 1 -1 1 -1 1 -1 -1 -1 -1 1 1 -1 -1 -1 -1 1 -1 -1 -1 -1 1 -1 1 -1 1 1 1 -1 -1 -1 -1 1 1 0 1 1 -1 -1 1 1 -1 -1 -1 1 -1 1 1 -1 1 -1 1 -1 1 -1 1 1 1 1 -1 1 1 -1 -1 1 1 -1 -1 -1 -1 -1 -1 1 -1 1 -1 1 -1 1 -1 1 -1 1 1 -1 1 -1 -1 -1 1 -1 -1 1 -1 -1 1 -1 -1 -1 -1 -1 -1 -1 
-1 1 -1 -1 1 1 1 1 1 -1 -1 1 -1 -1 1 -1 -1 -1 -1 1 -1 -1 -1 1 -1 1 -1 1 -1 -1 -1 -1 1 1 1 1 1 1 1 -1 1 1 -1 -1 -1 1 -1 -1 1 1 -1 1 1 1 1 1 -1 -1 1 -1 0 -1 -1 -1 -1 -1 1 -1 1 1 1 -1 -1 1 1 -1 -1 1 1 1 1 -1 1 -1 1 1 1 1 1 -1 -1 -1 1 1 -1 -1 1 1 1 1 -1 -1 1 -1 -1 -1 -1 1 -1 -1 -1 -1 -1 1 -1 -1 -1 1 1 -1 1 -1 -1 -1 -1 1 -1 1 
-1 1 1 -1 1 -1 1 -1 -1 -1 1 -1 -1 1 1 -1 1 -1 -1 1 1 -1 1 -1 1 1 -1 1 -1 1 -1 1 1 1 -1 -1 1 -1 1 1 -1 1 1 1 1 -1 1 1 1 1 1 1 -1 1 -1 -1 1 -1 -1 -1 1 0 -1 -1 1 1 1 1 1 1 1 1 -1 1 1 1 1 1 1 -1 1 1 1 -1 -1 -1 1 -1 -1 -1 -1 -1 -1 1 -1 1 1 1 -1 1 -1 1 -1 -1 1 1 -1 1 -1 -1 1 1 -1 1 1 -1 -1 1 1 -1 -1 -1 -1 -1 1 -1 1 -1 
-1 -1 1 -1 1 -1 -1 1 1 1 -1 1 -1 -1 -1 1 1 1 -1 1 -1 -1 -1 1 -1 1 1 1 -1 -1 1 -1 -1 -1 -1 -1 -1 1 1 -1 1 -1 1 1 1 1 -1 1 1 1 -1 1 -1 -1 -1 -1 -1 1 -1 1 1 1 0 -1 -1 -1 -1 -1 -1 1 -1 -1 1 1 1 -1 1 1 -1 -1 -1 -1 1 1 -1 1 -1 -1 1 1 -1 -1 1 -1 -1 1 1 -1 1 1 1 -1 -1 1 1 -1 1 1 1 -1 1 -1 -1 -1 1 1 -1 -1 -1 1 1 1 -1 1 1 -1 -1 1 
1 -1 -1 -1 -1 -1 -1 -1 -1 -1 -1 1 1 1 -1 -1 1 1 1 1 1 1 1 1 -1 1 1 -1 1 -1 1 1 1 -1 -1 -1 1 -1 -1 1 1 1 1 1 1 -1 1 1 1 -1 1 -1 -1 -1 1 1 1 -1 1 1 1 1 1 0 -1 1 -1 1 -1 1 1 1 -1 1 1 -1 1 1 -1 -1 1 -1 -1 -1 1 1 1 1 -1 -1 1 -1 -1 -1 1 1 -1 -1 -1 1 1 1 1 -1 -1 -1 1 1 -1 1 1 -1 -1 -1 1 1 1 1 -1 1 -1 1 1 -1 1 -1 -1 1 
1 -1 1 1 1 1 1 1 -1 -1 -1 -1 1 -1 -1 -1 1 -1 -1 -1 -1 1 -1 -1 -1 1 1 -1 1 -1 1 -1 -1 1 -1 1 -1 -1 -1 1 1 1 -1 -1 -1 -1 1 1 -1 -1 -1 -1 -1 1 1 1 -1 -1 -1 -1 1 -1 1 1 0 -1 -1 -1 -1 1 -1 1 1 -1 1 -1 1 -1 1 1 -1 1 1 -1 -1 -1 -1 1 1 1 -1 -1 1 -1 -1 1 -1 -1 1 -1 -1 -1 1 1 1 1 -1 -1 -1 -1 -1 -1 1 -1 1 -1 -1 1 1 1 1 1 1 1 -1 1 -1 -1 
-1 1 -1 1 -1 1 -1 -1 -1 -1 -1 -1 -1 1 1 -1 -1 1 -1 -1 -1 1 -1 -1 -1 -1 1 -1 -1 -1 -1 1 1 -1 -1 -1 -1 1 1 1 1 1 -1 1 -1 -1 -1 -1 1 -1 1 1 1 -1 1 -1 1 -1 1 -1 1 -1 1 -1 1 0 -1 1 1 1 -1 1 -1 -1 -1 1 -1 -1 -1 1 -1 1 -1 -1 1 1 -1 1 -1 1 1 1 -1 -1 -1 1 -1 1 1 -1 1 -1 -1 1 -1 -1 -1 1 -1 1 1 -1 1 1 1 1 1 -1 -1 1 1 1 1 -1 1 -1 1 -1 
1 -1 1 1 1 -1 1 -1 -1 -1 -1 1 -1 -1 1 -1 1 1 -1 -1 1 1 -1 1 1 -1 -1 -1 1 1 -1 -1 -1 -1 -1 -1 -1 -1 -1 1 -1 -1 1 -1 1 1 -1 -1 -1 1 -1 -1 1 -1 1 1 -1 1 -1 1 -1 -1 1 1 1 1 0 -1 1 1 -1 -1 -1 1 -1 -1 -1 1 -1 -1 1 1 1 -1 1 1 -1 -1 1 -1 1 1 1 1 1 -1 -1 1 1 -1 -1 1 -1 -1 1 -1 1 1 1 1 1 1 -1 1 -1 1 -1 -1 1 -1 -1 1 -1 -1 -1 -1 -1 -1 
-1 -1 1 -1 -1 1 -1 1 1 -1 -1 -1 -1 -1 1 1 1 1 1 1 -1 1 -1 1 1 1 1 -1 -1 -1 1 -1 -1 -1 1 1 -1 1 -1 1 -1 1 -1 1 1 1 -1 1 1 -1 1 -1 -1 -1 -1 1 -1 1 1 1 1 -1 1 -1 1 -1 1 0 1 -1 -1 -1 -1 1 -1 1 1 -1 -1 -1 -1 1 -1 -1 1 1 1 1 -1 1 1 -1 1 1 1 -1 -1 1 -1 1 -1 -1 -1 -1 1 1 1 1 -1 -1 -1 1 1 1 1 1 1 1 1 1 -1 1 1 -1 1 -1 -1 -1 
1 1 1 1 1 -1 -1 -1 -1 -1 -1 -1 -1 -1 -1 -1 1 1 -1 -1 -1 1 -1 -1 -1 1 -1 -1 -1 -1 1 1 1 -1 -1 1 -1 -1 -1 -1 1 1 1 1 1 1 1 -1 1 1 1 -1 -1 1 -1 1 -1 1 1 1 -1 -1 1 1 1 -1 -1 -1 0 -1 -1 1 -1 1 -1 -1 -1 1 -1 -1 -1 1 -1 1 1 1 1 -1 1 1 -1 1 -1 -1 -1 1 -1 -1 1 1 -1 1 -1 -1 -1 1 1 1 -1 -1 -1 1 -1 1 1 -1 -1 -1 1 1 1 -1 1 1 -1 -1 1 1 
1 -1 -1 1 1 1 1 1 -1 1 1 -1 1 -1 -1 1 -1 1 -1 1 1 1 -1 -1 1 -1 -1 -1 -1 -1 -1 1 1 -1 -1 1 1 1 -1 1 -1 1 -1 1 1 1 -1 -1 1 1 1 -1 1 -1 1 1 1 1 1 -1 -1 -1 -1 -1 -1 -1 -1 1 1 0 -1 -1 -1 1 -1 1 1 1 -1 -1 1 -1 1 1 -1 1 1 1 1 1 -1 -1 1 -1 1 1 -1 1 1 1 -1 -1 -1 -1 -1 1 1 1 -1 -1 1 1 -1 -1 1 1 -1 1 1 -1 -1 1 1 -1 -1 1 -1 -1 
1 -1 1 1 1 -1 1 -1 1 -1 1 -1 1 1 1 1 -1 -1 -1 1 -1 -1 -1 1 1 -1 -1 1 1 -1 -1 -1 -1 1 -1 -1 -1 -1 1 -1 1 1 -1 1 -1 -1 -1 1 -1 -1 1 1 -1 1 1 -1 1 -1 -1 1 -1 -1 1 -1 1 1 1 1 1 1 0 -1 1 -1 1 1 1 -1 1 1 1 -1 1 -1 1 -1 -1 -1 -1 1 -1 -1 -1 -1 -1 1 -1 -1 -1 1 1 1 -1 -1 1 1 1 -1 -1 1 1 1 -1 -1 1 -1 1 -1 -1 1 1 1 1 -1 1 1 -1 -1 
-1 -1 1 1 -1 -1 -1 1 1 -1 1 1 1 1 -1 1 -1 -1 -1 -1 -1 -1 1 1 1 -1 -1 -1 -1 -1 -1 1 -1 1 1 -1 1 -1 -1 1 -1 1 -1 -1 1 -1 -1 -1 1 -1 1 -1 1 1 1 1 1 -1 -1 -1 1 -1 1 -1 -1 -1 1 1 -1 1 1 0 -1 1 1 -1 -1 1 1 -1 1 1 1 -1 1 -1 1 1 1 1 -1 -1 1 -1 -1 1 1 -1 -1 1 1 1 -1 1 -1 -1 1 -1 1 -1 1 -1 -1 1 -1 1 -1 -1 1 -1 1 -1 1 -1 -1 1 1 1 
1 -1 -1 1 1 -1 -1 -1 1 1 1 1 1 1 -1 1 1 1 -1 -1 -1 1 -1 1 1 -1 -1 1 1 -1 1 -1 1 -1 1 1 1 -1 1 -1 1 1 -1 1 -1 -1 -1 -1 -1 1 -1 1 -1 1 1 1 1 -1 -1 -1 1 1 -1 1 -1 1 1 1 1 1 -1 1 0 -1 1 -1 1 -1 1 1 -1 -1 1 -1 1 -1 -1 1 1 -1 -1 -1 1 1 -1 -1 -1 -1 -1 1 1 -1 1 1 -1 -1 -1 1 1 -1 -1 -1 1 -1 1 1 -1 -1 1 -1 1 -1 1 -1 1 -1 -1 -1 
-1 -1 1 -1 1 -1 -1 -1 1 -1 1 1 1 -1 -1 1 1 1 1 -1 -1 -1 1 -1 -1 -1 1 1 1 1 1 1 -1 -1 1 -1 1 -1 -1 1 -1 -1 -1 1 -1 1 -1 1 1 -1 1 -1 1 1 -1 -1 1 1 -1 1 -1 -1 -1 -1 1 1 -1 -1 -1 -1 1 -1 1 0 -1 1 1 -1 -1 1 -1 -1 -1 1 1 1 -1 1 -1 -1 1 1 -1 -1 -1 1 1 -1 -1 1 1 1 1 1 -1 1 -1 -1 -1 1 1 1 -1 -1 -1 1 -1 1 -1 1 1 -1 -1 1 1 1 -1 -1 
1 -1 -1 1 -1 -1 1 -1 1 -1 -1 1 1 -1 1 -1 1 -1 -1 1 1 -1 -1 1 -1 -1 1 1 -1 1 -1 1 1 -1 1 1 1 1 1 1 -1 1 1 1 -1 1 1 1 1 1 1 1 -1 -1 -1 -1 1 1 1 -1 -1 -1 -1 -1 -1 1 1 1 1 1 -1 -1 -1 1 0 1 -1 1 -1 -1 -1 1 1 1 -1 1 -1 1 -1 -1 1 -1 -1 -1 -1 1 1 -1 -1 1 -1 1 1 1 -1 1 1 -1 -1 1 -1 -1 1 1 1 1 -1 1 1 -1 1 -1 1 -1 1 -1 1 -1 
1 1 -1 1 -1 -1 -1 1 1 1 -1 1 1 -1 1 1 -1 -1 -1 -1 -1 -1 -1 -1 -1 1 1 1 -1 -1 1 1 1 1 1 1 1 -1 -1 -1 -1 -1 1 -1 1 -1 -1 1 -1 -1 1 1 1 1 -1 -1 -1 -1 1 1 1 -1 1 1 1 -1 1 -1 1 -1 -1 1 1 -1 -1 0 1 -1 -1 1 -1 -1 -1 1 -1 -1 -1 -1 -1 1 1 1 1 -1 1 1 -1 1 -1 -1 1 1 -1 1 1 -1 1 -1 1 -1 -1 -1 -1 1 -1 -1 -1 1 -1 -1 -1 1 1 1 1 1 -1 -1 
-1 -1 -1 1 -1 1 -1 -1 -1 -1 -1 1 1 1 -1 -1 -1 -1 -1 -1 -1 -1 1 -1 -1 -1 -1 -1 1 -1 1 -1 -1 1 1 1 1 1 -1 1 1 -1 1 1 -1 1 -1 1 1 -1 1 1 -1 1 -1 1 -1 1 1 -1 1 -1 -1 -1 -1 1 1 -1 1 -1 -1 1 -1 -1 1 -1 0 -1 1 -1 1 -1 -1 1 1 -1 -1 1 1 1 1 1 -1 -1 1 1 -1 1 1 1 1 -1 1 1 1 1 -1 -1 1 1 -1 -1 1 1 -1 1 1 -1 1 -1 -1 -1 -1 1 -1 1 1 1 
1 1 -1 -1 1 1 -1 1 -1 -1 -1 1 -1 1 1 1 1 1 -1 -1 1 -1 1 -1 1 -1 1 1 1 1 -1 1 1 -1 1 -1 -1 1 -1 1 1 1 1 -1 -1 1 -1 -1 -1 1 -1 -1 -1 1 1 -1 1 1 -1 1 -1 -1 -1 -1 1 1 -1 1 -1 -1 1 -1 1 1 -1 1 1 0 -1 1 1 -1 -1 1 -1 -1 1 -1 1 -1 -1 1 -1 -1 1 1 1 -1 -1 1 -1 -1 -1 1 1 1 1 1 1 -1 1 1 1 -1 1 -1 -1 -1 -1 1 1 -1 -1 1 -1 1 -1 1 
-1 1 1 1 -1 1 1 -1 -1 1 -1 -1 1 -1 -1 -1 -1 -1 1 -1 -1 1 1 -1 1 1 1 -1 1 -1 1 1 1 1 1 -1 -1 1 1 1 -1 1 -1 1 1 1 1 -1 1 1 -1 1 -1 1 -1 1 1 1 -1 -1 -1 -1 1 1 -1 1 1 1 1 1 -1 -1 -1 1 1 1 -1 1 0 1 -1 1 -1 1 1 1 -1 1 -1 -1 -1 -1 -1 -1 -1 1 -1 -1 1 -1 1 1 -1 -1 -1 -1 -1 -1 1 1 1 -1 1 1 1 1 1 1 1 -1 1 1 1 -1 1 1 1 1 
1 1 -1 1 1 1 1 -1 1 1 1 -1 1 1 -1 1 -1 -1 1 -1 1 1 -1 -1 -1 -1 1 -1 1 -1 -1 1 -1 1 1 1 -1 -1 1 1 -1 -1 1 1 -1 1 -1 -1 1 -1 1 -1 -1 1 1 1 1 1 -1 1 -1 1 1 1 -1 -1 1 1 1 1 -1 1 -1 -1 1 -1 1 -1 -1 0 1 -1 1 1 1 -1 -1 1 -1 1 1 -1 1 1 1 1 -1 -1 1 -1 1 -1 -1 1 1 -1 -1 -1 -1 -1 -1 1 1 -1 1 1 -1 1 1 -1 1 -1 -1 -1 -1 1 1 -1 
1 -1 -1 -1 1 1 -1 -1 -1 1 1 1 1 1 -1 -1 -1 1 -1 1 -1 -1 -1 1 1 -1 1 1 1 1 1 -1 -1 -1 -1 -1 -1 -1 -1 -1 1 1 -1 -1 1 1 -1 1 1 -1 -1 -1 1 1 -1 1 -1 -1 1 -1 -1 -1 1 -1 1 1 -1 1 1 -1 -1 -1 1 1 1 1 -1 -1 1 -1 0 1 1 -1 1 -1 1 -1 1 -1 1 1 -1 1 -1 1 1 1 1 -1 -1 1 -1 -1 1 1 1 -1 -1 -1 -1 1 -1 -1 1 -1 1 1 -1 -1 1 -1 -1 1 1 -1 -1 -1 
-1 1 1 -1 1 1 1 -1 -1 -1 1 1 1 1 1 1 -1 1 -1 1 1 1 -1 1 -1 1 1 1 -1 1 1 1 -1 -1 1 1 -1 -1 -1 1 -1 1 1 1 1 1 -1 1 1 1 -1 -1 -1 1 -1 -1 1 1 -1 -1 1 -1 1 1 -1 -1 -1 -1 -1 1 1 -1 1 1 -1 1 1 1 -1 1 -1 0 1 -1 1 -1 1 -1 -1 1 1 1 -1 -1 -1 1 -1 1 -1 1 1 -1 -1 -1 -1 1 1 -1 -1 1 -1 -1 1 1 -1 1 -1 -1 -1 1 -1 1 -1 -1 1 1 1 1 
-1 -1 -1 1 -1 1 -1 1 -1 1 -1 -1 1 1 1 1 1 -1 1 1 -1 1 1 -1 1 -1 -1 -1 -1 -1 1 1 1 -1 1 1 -1 1 -1 1 -1 -1 1 -1 -1 1 -1 1 -1 1 1 1 -1 1 -1 1 -1 1 -1 -1 -1 -1 -1 1 -1 1 -1 1 1 -1 -1 -1 -1 1 -1 1 1 1 1 -1 -1 -1 0 1 -1 -1 -1 1 1 -1 1 -1 1 1 1 1 1 -1 -1 -1 1 1 -1 1 1 -1 1 1 1 -1 -1 1 -1 -1 -1 1 -1 1 -1 -1 1 -1 1 1 -1 1 -1 1 
1 -1 1 -1 -1 1 -1 1 -1 1 1 -1 -1 -1 -1 1 -1 1 -1 -1 1 -1 -1 -1 1 -1 1 -1 1 -1 1 1 1 -1 -1 -1 1 1 1 -1 1 1 -1 -1 1 1 -1 -1 1 1 -1 -1 -1 -1 -1 1 -1 1 -1 -1 1 1 -1 1 1 1 1 1 -1 -1 1 1 1 -1 -1 -1 -1 -1 -1 -1 1 1 -1 0 1 1 -1 -1 -1 -1 1 1 1 1 1 1 1 -1 -1 1 -1 -1 1 1 1 1 1 1 -1 1 -1 1 1 -1 -1 1 -1 -1 1 -1 -1 -1 1 1 1 -1 1 -1 
1 -1 -1 -1 1 1 -1 -1 -1 1 -1 -1 1 1 1 -1 1 1 1 -1 -1 -1 -1 -1 1 1 1 1 -1 -1 1 -1 1 -1 1 -1 1 1 -1 1 1 -1 1 -1 1 -1 1 -1 1 1 -1 1 -1 -1 1 1 -1 1 1 1 -1 1 1 -1 1 -1 -1 -1 -1 1 -1 -1 -1 -1 1 1 -1 1 -1 -1 -1 -1 1 -1 0 1 -1 -1 -1 1 1 1 -1 1 1 -1 1 1 1 1 1 -1 -1 1 -1 1 1 1 1 -1 -1 -1 1 -1 -1 -1 1 1 -1 -1 1 -1 -1 1 1 1 1 -1 
-1 -1 -1 -1 1 -1 -1 1 -1 -1 1 -1 -1 -1 -1 1 -1 -1 1 1 1 1 1 -1 -1 1 -1 1 -1 -1 1 1 -1 1 1 1 1 -1 -1 -1 -1 -1 -1 -1 1 1 1 -1 -1 -1 1 1 -1 -1 1 -1 1 -1 1 -1 -1 1 -1 -1 1 -1 -1 -1 -1 -1 1 1 1 -1 -1 1 1 1 -1 1 1 1 1 -1 -1 0 -1 -1 1 -1 -1 -1 1 -1 1 1 1 1 -1 1 -1 1 1 1 -1 1 -1 1 -1 1 1 1 -1 -1 -1 -1 -1 -1 1 -1 -1 -1 -1 1 1 -1 1 -1 
-1 1 -1 1 -1 -1 1 -1 1 1 1 -1 1 -1 1 -1 -1 -1 -1 -1 1 -1 1 1 1 -1 1 1 1 1 1 1 1 -1 1 -1 -1 1 1 1 1 1 -1 -1 1 -1 1 1 1 1 -1 1 -1 -1 -1 -1 -1 -1 1 -1 -1 -1 1 -1 1 1 1 -1 -1 -1 1 -1 1 1 1 1 1 -1 1 1 -1 -1 1 1 1 1 0 -1 -1 1 1 1 -1 -1 -1 1 -1 -1 1 1 1 1 -1 1 -1 -1 1 -1 -1 -1 1 1 -1 -1 -1 1 -1 -1 -1 1 -1 -1 1 -1 1 1 1 1 
1 1 1 1 1 1 -1 -1 1 -1 -1 1 -1 -1 -1 1 -1 -1 1 -1 1 1 -1 -1 1 -1 -1 1 1 -1 -1 -1 1 1 1 1 1 1 1 -1 1 1 -1 1 1 1 -1 1 -1 1 -1 1 1 -1 1 1 1 -1 1 1 -1 1 1 -1 -1 -1 1 -1 1 -1 1 -1 -1 -1 -1 1 -1 1 -1 -1 1 1 -1 1 1 1 1 0 1 -1 -1 1 1 -1 -1 1 -1 -1 -1 -1 -1 -1 -1 1 -1 1 1 1 -1 -1 -1 1 1 1 1 1 1 1 1 -1 1 1 -1 -1 -1 -1 -1 -1 
-1 -1 1 -1 1 -1 1 1 -1 -1 -1 -1 1 -1 -1 -1 1 -1 1 -1 -1 -1 1 1 -1 -1 -1 1 -1 -1 -1 1 1 1 1 1 1 -1 -1 1 -1 1 1 -1 -1 1 1 1 1 1 1 1 -1 -1 1 1 -1 -1 -1 1 -1 1 -1 1 -1 1 -1 1 -1 -1 1 -1 -1 1 1 1 -1 -1 1 1 -1 1 -1 1 1 -1 1 -1 0 -1 -1 -1 1 1 1 -1 1 1 -1 1 -1 -1 -1 1 -1 1 1 1 -1 -1 1 -1 1 1 -1 1 1 1 -1 -1 1 1 -1 1 -1 1 1 1 
1 -1 -1 -1 -1 1 1 -1 1 1 -1 -1 1 -1 1 -1 -1 1 1 -1 -1 1 -1 1 -1 1 1 1 1 -1 1 -1 -1 -1 1 1 -1 1 1 1 1 -1 -1 -1 -1 1 -1 -1 -1 -1 1 1 -1 -1 1 1 1 -1 1 -1 1 1 -1 1 -1 -1 1 -1 -1 -1 -1 -1 1 1 1 -1 -1 1 1 -1 1 -1 1 1 -1 1 -1 1 1 0 -1 -1 1 -1 1 1 1 1 1 1 -1 1 -1 1 1 -1 1 -1 -1 1 -1 1 1 -1 -1 1 -1 -1 1 1 -1 1 1 1 -1 -1 1 -1 
1 1 -1 1 -1 1 1 1 1 1 -1 -1 -1 1 1 1 1 -1 1 -1 -1 1 -1 1 -1 1 -1 1 1 1 1 -1 1 -1 -1 -1 1 1 -1 -1 1 1 -1 1 1 1 1 -1 1 1 -1 1 1 1 -1 -1 1 -1 -1 -1 1 1 1 -1 1 -1 -1 -1 1 1 1 1 1 -1 -1 -1 -1 1 1 -1 -1 -1 -1 -1 -1 1 -1 1 1 1 0 1 1 -1 1 1 -1 -1 -1 -1 -1 1 1 -1 1 -1 1 1 -1 -1 -1 1 -1 -1 -1 1 -1 1 1 -1 1 -1 -1 1 -1 1 -1 1 
1 1 1 -1 1 -1 1 -1 -1 -1 1 -1 -1 1 1 -1 1 1 1 1 1 1 1 -1 1 -1 1 1 1 1 -1 1 -1 -1 1 1 -1 1 -1 -1 -1 -1 1 1 -1 1 -1 -1 -1 -1 1 1 1 -1 1 -1 -1 -1 1 1 1 1 1 1 1 -1 -1 1 -1 1 1 1 1 -1 1 -1 -1 -1 1 1 -1 -1 1 -1 -1 1 -1 -1 1 1 -1 0 -1 -1 1 1 1 -1 1 1 1 1 -1 -1 1 1 1 1 1 1 -1 -1 -1 -1 1 -1 1 -1 -1 -1 1 1 1 -1 1 1 1 -1 
-1 1 1 -1 1 -1 1 1 -1 -1 -1 1 -1 -1 1 -1 -1 1 -1 1 1 1 1 -1 1 -1 -1 -1 -1 -1 1 -1 1 1 1 1 -1 -1 -1 1 1 1 -1 -1 1 -1 -1 -1 1 1 1 1 1 1 -1 1 1 1 1 1 -1 1 -1 1 -1 1 -1 -1 1 -1 1 -1 -1 1 1 -1 1 1 1 -1 1 1 -1 -1 1 -1 1 -1 -1 -1 -1 1 0 -1 -1 1 1 1 -1 1 -1 -1 1 -1 1 1 -1 -1 1 -1 -1 -1 -1 -1 1 -1 -1 -1 1 -1 -1 -1 1 -1 1 1 1 -1 
-1 -1 1 -1 -1 1 1 -1 1 -1 -1 1 1 1 -1 1 1 1 1 1 -1 1 -1 1 1 -1 -1 1 1 -1 1 1 1 1 1 -1 -1 -1 -1 1 1 -1 1 -1 1 -1 1 -1 -1 1 1 -1 1 1 -1 1 -1 1 1 1 -1 -1 1 1 1 1 -1 -1 1 1 1 1 -1 1 1 1 1 1 1 -1 -1 1 -1 -1 -1 1 1 1 -1 1 1 1 1 0 -1 1 1 -1 -1 -1 1 -1 -1 -1 1 -1 1 1 1 1 -1 1 -1 1 -1 -1 -1 1 -1 -1 -1 1 1 1 1 -1 1 1 
-1 -1 -1 1 1 -1 -1 -1 1 1 1 -1 1 1 1 1 -1 1 -1 1 -1 -1 1 1 1 -1 1 1 1 1 -1 1 -1 -1 -1 -1 -1 1 1 1 -1 1 1 1 1 1 1 1 1 -1 -1 1 -1 -1 -1 -1 -1 -1 -1 1 1 1 1 -1 1 1 -1 -1 1 -1 1 1 1 1 1 -1 -1 -1 1 -1 1 1 -1 -1 -1 -1 1 1 -1 -1 -1 -1 1 1 0 -1 1 1 1 -1 1 -1 1 1 1 1 1 -1 -1 1 1 -1 1 -1 -1 -1 -1 1 1 -1 -1 -1 1 -1 1 1 1 1 
1 1 1 1 -1 -1 -1 -1 -1 1 -1 1 1 1 -1 -1 1 1 1 -1 1 1 1 -1 1 -1 1 -1 -1 1 1 1 -1 -1 -1 -1 1 1 1 1 -1 -1 -1 -1 -1 1 1 1 1 -1 -1 1 1 -1 1 1 1 1 -1 1 1 -1 -1 -1 -1 -1 1 1 -1 -1 -1 -1 1 -1 -1 -1 -1 -1 -1 -1 -1 -1 -1 -1 1 -1 -1 -1 1 -1 -1 -1 -1 -1 1 0 -1 -1 -1 1 -1 -1 1 1 -1 1 -1 1 1 1 1 1 1 -1 1 -1 -1 -1 1 1 -1 1 -1 1 1 -1 -1 1 
1 1 -1 1 -1 -1 1 1 1 -1 1 1 1 1 1 1 1 -1 1 1 -1 1 -1 1 -1 1 -1 1 1 -1 -1 1 1 -1 1 1 1 1 -1 1 1 -1 -1 1 -1 1 1 1 -1 1 1 1 1 1 -1 1 1 -1 -1 1 -1 -1 -1 1 1 1 1 1 1 1 1 -1 1 -1 -1 1 1 -1 1 1 -1 1 -1 -1 -1 -1 1 1 -1 -1 1 -1 -1 -1 -1 1 0 -1 1 -1 1 1 -1 -1 -1 1 1 1 1 -1 1 1 -1 -1 -1 1 -1 -1 1 1 1 1 -1 1 -1 1 1 1 
1 1 1 1 -1 -1 1 -1 1 -1 1 -1 1 1 -1 -1 -1 -1 -1 -1 -1 -1 1 1 1 -1 -1 1 1 -1 1 -1 -1 -1 1 -1 1 -1 1 -1 1 1 -1 -1 -1 1 1 -1 -1 1 -1 -1 1 1 -1 1 1 1 -1 -1 -1 -1 1 1 1 -1 -1 -1 1 -1 1 1 1 1 1 -1 -1 1 1 1 -1 -1 1 1 -1 -1 1 1 -1 -1 1 1 -1 1 -1 1 1 0 -1 1 -1 -1 1 1 -1 1 1 -1 1 -1 1 1 1 -1 1 1 1 -1 1 -1 -1 1 1 1 -1 -1 1 -1 
-1 1 -1 -1 1 1 1 1 1 -1 1 -1 -1 1 -1 1 1 1 1 1 -1 1 -1 -1 1 -1 -1 1 1 -1 -1 -1 1 -1 -1 1 1 -1 1 1 -1 -1 1 1 -1 1 -1 1 -1 -1 -1 -1 -1 -1 1 1 -1 1 -1 1 -1 1 -1 1 -1 -1 -1 1 -1 -1 1 1 1 1 1 1 -1 1 -1 -1 -1 1 1 1 -1 1 -1 1 1 -1 1 -1 1 1 -1 1 -1 1 0 -1 -1 1 -1 1 -1 -1 -1 -1 -1 -1 1 -1 1 1 1 -1 -1 -1 -1 -1 -1 -1 -1 1 1 1 -1 -1 
-1 -1 -1 1 -1 -1 1 1 -1 1 1 -1 -1 1 -1 1 1 1 1 1 -1 1 1 -1 1 1 1 1 -1 1 1 1 1 1 -1 1 -1 -1 1 -1 1 1 1 -1 1 1 -1 1 1 -1 -1 1 1 1 1 -1 1 1 1 -1 -1 -1 -1 -1 1 1 1 -1 -1 -1 -1 -1 -1 -1 -1 1 -1 -1 1 1 1 -1 1 -1 -1 -1 -1 1 -1 -1 1 -1 -1 1 1 -1 1 -1 1 0 1 -1 1 1 -1 1 1 -1 1 1 1 -1 1 -1 1 1 -1 -1 -1 -1 -1 1 -1 -1 -1 -1 -1 1 
-1 -1 -1 -1 -1 -1 1 -1 1 -1 1 -1 1 1 -1 1 -1 -1 1 1 1 1 1 1 -1 -1 -1 -1 -1 -1 1 1 -1 1 -1 1 -1 -1 1 1 -1 1 -1 1 1 -1 1 1 -1 1 -1 1 -1 -1 1 -1 1 1 -1 1 1 1 -1 -1 1 -1 1 1 1 1 -1 -1 -1 -1 1 -1 -1 1 -1 -1 1 -1 -1 1 -1 1 -1 1 1 1 1 -1 1 -1 -1 1 -1 1 1 -1 0 -1 1 -1 1 -1 -1 1 1 -1 -1 1 1 1 1 -1 1 1 -1 -1 -1 -1 -1 1 -1 1 -1 -1 
1 -1 -1 1 -1 1 1 -1 1 1 -1 1 -1 1 1 1 -1 1 1 -1 1 1 1 -1 -1 -1 -1 -1 1 1 1 1 -1 1 -1 1 -1 -1 1 -1 -1 -1 -1 1 1 1 -1 1 1 -1 -1 1 -1 1 1 -1 -1 1 -1 -1 1 -1 1 -1 1 1 -1 1 -1 1 -1 -1 1 -1 -1 -1 1 1 -1 1 -1 1 -1 1 1 -1 -1 1 1 -1 -1 -1 1 1 1 1 -1 1 -1 1 1 0 -1 -1 1 1 -1 -1 -1 1 1 1 1 -1 1 -1 -1 1 1 1 -1 1 -1 1 -1 1 -1 -1 
-1 1 -1 1 1 1 -1 -1 -1 1 1 1 -1 1 -1 1 -1 1 -1 -1 1 1 1 1 1 1 1 1 -1 -1 1 -1 1 -1 -1 1 -1 -1 1 1 1 1 1 -1 -1 1 -1 1 -1 -1 1 1 -1 1 1 -1 -1 1 1 1 -1 1 1 -1 -1 1 1 1 1 1 1 1 -1 -1 -1 1 -1 1 1 1 1 1 1 -1 1 -1 1 1 1 1 -1 1 -1 1 -1 -1 1 -1 1 -1 -1 1 0 1 1 1 1 -1 -1 -1 1 -1 -1 -1 1 -1 1 -1 1 1 -1 1 -1 -1 1 -1 1 1 
-1 1 1 -1 1 1 1 -1 1 1 -1 1 -1 1 1 -1 1 -1 -1 1 -1 1 1 -1 -1 -1 -1 1 1 -1 -1 1 1 1 1 -1 -1 1 1 1 1 -1 1 1 1 -1 -1 -1 1 1 -1 1 1 -1 1 -1 -1 -1 -1 -1 1 1 -1 1 -1 -1 1 1 1 1 1 -1 -1 -1 -1 -1 -1 -1 1 -1 1 1 -1 -1 -1 -1 -1 -1 -1 -1 1 1 1 1 -1 -1 1 -1 -1 -1 1 1 -1 0 1 1 1 -1 1 1 1 1 1 -1 1 -1 1 -1 -1 1 -1 -1 -1 -1 -1 1 1 1 
1 1 1 1 1 -1 -1 -1 1 -1 1 1 1 1 -1 -1 1 1 1 -1 -1 1 1 -1 1 -1 -1 1 -1 -1 -1 1 -1 -1 1 1 -1 -1 1 1 1 -1 -1 1 1 1 1 -1 -1 -1 -1 1 1 -1 1 -1 -1 1 1 1 1 -1 -1 1 -1 1 -1 -1 1 1 -1 1 1 1 1 -1 -1 -1 1 -1 -1 1 -1 -1 1 1 1 1 1 -1 -1 -1 -1 -1 -1 1 1 1 1 1 -1 -1 -1 -1 0 1 -1 -1 1 -1 -1 1 1 1 -1 1 -1 -1 -1 -1 1 -1 1 -1 1 -1 -1 1 
-1 1 1 1 -1 -1 -1 1 1 -1 1 1 1 1 -1 -1 1 1 1 1 -1 1 -1 1 1 1 -1 -1 1 -1 -1 -1 1 -1 -1 -1 -1 -1 1 1 -1 1 -1 -1 -1 -1 -1 -1 -1 1 -1 -1 1 -1 -1 1 -1 1 -1 -1 1 -1 1 1 -1 1 1 -1 -1 -1 -1 1 1 -1 -1 1 -1 -1 1 1 -1 -1 1 -1 -1 -1 1 -1 -1 1 1 -1 -1 1 -1 -1 -1 -1 1 -1 1 -1 -1 -1 -1 0 -1 1 1 -1 1 1 1 -1 -1 1 -1 -1 1 1 -1 1 1 -1 -1 -1 1 -1 
-1 1 1 1 -1 1 -1 1 -1 -1 1 -1 1 1 -1 1 -1 1 -1 -1 1 1 1 -1 -1 1 -1 1 -1 1 1 1 1 -1 -1 1 -1 -1 -1 -1 -1 1 -1 -1 1 1 -1 1 -1 1 -1 -1 1 -1 -1 1 -1 1 1 1 1 1 -1 -1 1 1 -1 -1 -1 -1 -1 -1 1 1 -1 -1 1 -1 1 1 -1 -1 -1 -1 -1 1 -1 -1 -1 -1 -1 -1 1 -1 -1 1 -1 -1 1 -1 1 1 -1 -1 1 1 0 1 1 1 -1 -1 -1 -1 1 -1 1 -1 1 1 -1 -1 1 -1 -1 1 -1 1 
-1 1 1 -1 1 1 -1 1 1 1 1 -1 -1 1 1 1 -1 -1 -1 -1 -1 1 1 -1 1 1 -1 -1 1 -1 -1 1 1 1 1 -1 1 -1 -1 1 -1 1 1 -1 1 -1 1 -1 1 -1 -1 -1 1 1 1 -1 -1 -1 1 -1 -1 -1 -1 -1 1 -1 -1 -1 -1 -1 1 1 -1 1 1 1 1 -1 1 1 1 1 -1 -1 -1 -1 1 -1 -1 1 -1 -1 1 -1 1 -1 -1 1 1 1 -1 1 1 1 1 -1 -1 0 -1 1 -1 -1 -1 -1 1 -1 -1 1 -1 -1 1 -1 -1 1 -1 1 1 -1 
-1 -1 -1 -1 -1 1 1 1 1 -1 -1 -1 -1 -1 1 1 -1 -1 1 -1 -1 -1 -1 -1 1 -1 1 -1 1 -1 -1 -1 -1 -1 -1 1 1 1 1 -1 -1 1 -1 1 -1 1 -1 -1 -1 -1 1 -1 -1 1 -1 1 1 -1 -1 -1 1 1 -1 1 1 1 -1 1 1 1 1 -1 -1 1 1 -1 -1 -1 -1 1 1 1 -1 1 -1 1 1 1 1 1 1 -1 -1 -1 1 -1 -1 -1 1 -1 -1 1 1 -1 -1 -1 -1 1 0 -1 1 -1 1 1 -1 -1 1 -1 -1 -1 1 1 -1 1 1 -1 -1 -1 
1 -1 -1 -1 1 -1 1 1 -1 1 -1 -1 -1 -1 -1 1 1 -1 1 1 -1 1 -1 -1 1 1 1 -1 -1 1 1 -1 1 -1 1 1 1 1 1 1 -1 1 -1 1 -1 -1 -1 -1 1 -1 -1 1 -1 -1 1 1 -1 1 1 1 1 1 1 -1 1 -1 -1 1 1 1 -1 1 1 -1 -1 1 -1 1 -1 1 1 -1 1 -1 1 -1 1 1 1 -1 1 -1 1 -1 -1 -1 1 1 1 -1 1 -1 1 -1 1 1 -1 -1 1 0 1 1 1 1 1 1 1 1 -1 1 -1 1 -1 1 -1 1 -1 1 
1 -1 1 -1 -1 1 1 -1 1 1 1 -1 -1 1 -1 1 1 1 1 1 1 1 1 1 -1 1 1 -1 -1 1 -1 -1 1 -1 -1 1 1 1 1 1 -1 -1 1 1 1 1 1 1 -1 -1 -1 1 1 1 1 -1 -1 1 1 -1 1 -1 -1 -1 1 -1 -1 1 1 -1 -1 -1 1 -1 1 1 1 -1 -1 1 1 1 1 1 1 -1 -1 1 -1 1 1 1 1 1 -1 -1 -1 -1 -1 -1 1 -1 -1 -1 1 -1 1 1 -1 -1 0 1 1 -1 -1 1 -1 1 1 -1 -1 1 -1 -1 1 -1 -1 1 
1 -1 -1 -1 1 -1 1 1 -1 1 -1 1 1 -1 -1 1 -1 -1 -1 -1 -1 1 -1 1 1 1 -1 -1 -1 -1 -1 1 -1 1 -1 -1 -1 1 -1 -1 -1 -1 -1 -1 -1 1 -1 1 1 -1 1 1 1 1 -1 -1 1 -1 -1 1 1 -1 1 1 1 1 -1 -1 -1 -1 -1 1 1 -1 1 1 1 -1 1 -1 -1 1 -1 -1 1 -1 -1 -1 1 -1 -1 1 1 -1 1 -1 -1 -1 1 1 -1 -1 1 -1 -1 -1 1 1 1 -1 -1 0 1 1 -1 -1 -1 1 -1 1 1 -1 -1 1 -1 1 -1 -1 
1 -1 -1 -1 -1 -1 -1 1 1 1 1 -1 -1 1 -1 -1 -1 1 1 1 1 1 -1 1 -1 -1 -1 1 -1 -1 -1 -1 -1 -1 1 -1 1 1 -1 -1 -1 1 1 1 1 1 1 -1 1 1 1 -1 1 -1 -1 1 -1 1 -1 1 1 1 1 1 -1 -1 1 -1 1 1 1 1 -1 1 -1 1 -1 -1 -1 -1 1 -1 1 -1 -1 1 1 -1 -1 -1 1 1 1 1 -1 -1 1 -1 -1 -1 -1 -1 1 -1 -1 -1 1 1 -1 -1 -1 -1 0 1 -1 -1 -1 1 -1 1 1 1 -1 -1 1 1 1 1 
-1 -1 1 -1 1 -1 -1 1 -1 1 -1 1 -1 1 -1 1 1 -1 1 1 -1 -1 -1 -1 -1 -1 -1 1 1 1 1 1 1 -1 -1 -1 1 -1 1 -1 1 1 1 -1 1 1 -1 1 1 1 -1 -1 -1 -1 -1 1 -1 1 -1 1 -1 -1 1 1 1 -1 -1 -1 -1 1 1 -1 1 1 -1 -1 -1 1 -1 1 1 -1 1 1 1 1 1 -1 -1 1 1 1 1 -1 1 1 1 1 -1 1 -1 1 1 1 -1 1 1 1 -1 -1 1 -1 -1 0 -1 1 -1 -1 1 -1 1 -1 1 -1 -1 -1 -1 -1 
-1 -1 -1 -1 1 1 -1 -1 1 -1 1 -1 1 -1 1 1 1 -1 1 1 1 -1 -1 1 -1 -1 1 1 1 -1 1 1 1 1 1 -1 1 1 1 -1 -1 1 -1 1 -1 -1 -1 -1 1 1 1 -1 1 -1 -1 -1 1 1 1 -1 1 -1 -1 -1 -1 -1 1 -1 -1 -1 -1 1 -1 1 -1 1 1 -1 -1 -1 -1 1 1 1 1 1 1 -1 1 1 1 -1 -1 1 1 -1 1 -1 -1 -1 -1 -1 -1 -1 1 1 -1 -1 1 -1 1 1 1 1 0 -1 -1 1 -1 -1 -1 1 -1 1 -1 1 -1 -1 
1 -1 -1 1 1 1 1 1 1 1 1 1 -1 1 -1 -1 -1 -1 1 -1 -1 1 1 -1 1 1 -1 -1 -1 1 1 -1 -1 1 -1 1 1 1 1 -1 -1 -1 -1 1 -1 1 1 1 -1 1 1 -1 1 -1 -1 -1 -1 -1 1 1 1 1 -1 -1 1 -1 -1 -1 1 -1 1 -1 -1 -1 -1 1 -1 1 -1 -1 1 -1 -1 -1 1 1 -1 -1 -1 -1 -1 1 1 1 1 1 -1 -1 1 -1 1 1 1 1 -1 -1 1 1 1 -1 -1 1 1 -1 1 0 1 -1 1 1 -1 -1 1 1 -1 1 1 1 
-1 -1 1 -1 1 1 -1 1 -1 -1 1 1 1 1 1 -1 1 1 1 -1 -1 1 1 1 -1 1 -1 -1 1 -1 -1 1 1 -1 -1 1 -1 -1 1 -1 -1 1 1 1 -1 -1 -1 -1 -1 -1 1 -1 -1 1 -1 -1 -1 -1 -1 1 1 1 1 -1 1 -1 1 -1 1 1 -1 1 1 1 1 1 -1 1 -1 1 -1 1 1 1 -1 1 1 -1 -1 1 1 -1 1 1 1 1 1 -1 1 1 -1 1 -1 -1 1 1 -1 1 -1 -1 1 1 1 1 1 -1 0 1 -1 -1 1 1 -1 1 -1 1 1 1 
1 -1 1 1 1 1 1 1 1 1 -1 -1 1 1 -1 1 1 1 -1 1 -1 1 1 1 1 -1 1 -1 1 -1 1 -1 1 1 1 -1 1 -1 1 -1 -1 -1 -1 1 -1 -1 -1 1 1 1 1 -1 1 1 -1 1 1 -1 1 -1 -1 -1 1 -1 -1 1 1 -1 1 -1 1 1 1 -1 -1 -1 1 1 -1 -1 -1 1 -1 1 -1 1 1 -1 -1 1 -1 1 1 -1 -1 1 1 1 1 1 -1 -1 1 1 1 1 1 -1 1 -1 -1 -1 -1 1 -1 1 -1 0 -1 -1 1 1 1 -1 -1 1 1 -1 
-1 1 1 1 1 1 1 -1 1 1 -1 1 1 1 -1 1 -1 -1 -1 -1 -1 1 -1 -1 -1 1 1 1 -1 1 1 -1 1 1 1 1 1 -1 1 -1 -1 1 1 -1 -1 1 -1 -1 1 -1 1 -1 -1 1 -1 1 -1 1 -1 1 -1 -1 1 1 -1 1 -1 -1 -1 -1 1 -1 -1 1 -1 1 -1 1 -1 -1 1 1 1 -1 1 -1 1 -1 1 -1 -1 1 -1 1 -1 -1 -1 -1 1 1 1 -1 -1 1 1 -1 -1 1 1 1 -1 1 1 -1 1 -1 1 1 0 1 1 1 -1 1 -1 1 1 -1 
-1 1 1 -1 -1 -1 1 -1 -1 1 1 1 -1 1 1 1 -1 1 -1 1 -1 -1 1 1 -1 -1 -1 1 1 -1 -1 -1 -1 -1 1 -1 1 1 1 -1 1 -1 -1 -1 1 1 -1 1 1 -1 1 -1 -1 1 -1 1 1 1 1 1 1 1 -1 -1 -1 -1 1 -1 -1 1 -1 1 1 -1 1 1 1 -1 1 1 1 -1 1 1 1 1 -1 1 1 -1 1 1 1 1 1 -1 -1 1 1 1 1 -1 -1 -1 1 -1 -1 1 1 -1 1 -1 -1 1 1 -1 1 1 -1 0 -1 -1 1 1 1 -1 1 1 
-1 -1 -1 -1 1 -1 -1 -1 1 -1 1 1 -1 1 -1 1 -1 -1 -1 1 -1 1 1 1 -1 -1 -1 -1 1 1 -1 -1 1 -1 -1 -1 -1 -1 -1 1 1 1 1 -1 -1 -1 -1 1 1 -1 -1 -1 1 -1 1 -1 -1 -1 -1 -1 -1 1 -1 1 -1 -1 1 1 -1 1 -1 -1 -1 -1 -1 1 1 -1 -1 -1 -1 1 -1 1 -1 1 1 -1 -1 1 -1 -1 1 1 1 1 -1 1 1 1 1 1 1 1 -1 1 1 -1 -1 1 1 -1 -1 -1 1 1 -1 -1 -1 1 0 -1 -1 1 -1 -1 -1 -1 
1 1 1 -1 -1 -1 1 1 1 -1 -1 1 -1 -1 1 -1 -1 -1 1 1 -1 -1 1 -1 1 1 -1 -1 1 1 -1 -1 1 1 -1 -1 -1 1 1 -1 1 1 1 -1 -1 -1 -1 1 -1 1 1 -1 1 1 -1 1 -1 1 1 1 1 1 -1 -1 -1 -1 -1 -1 1 -1 -1 1 1 1 1 -1 1 1 -1 1 1 -1 1 1 1 1 1 -1 -1 -1 1 -1 1 -1 1 -1 -1 -1 1 -1 1 -1 -1 1 1 -1 1 1 -1 -1 -1 1 -1 1 -1 1 -1 -1 -1 1 1 0 -1 1 -1 -1 -1 1 
-1 1 -1 -1 1 -1 1 1 -1 1 1 1 -1 1 -1 1 -1 -1 1 1 -1 -1 -1 1 1 -1 1 -1 1 1 1 1 1 1 1 -1 1 -1 -1 -1 -1 1 1 1 1 -1 -1 1 -1 -1 1 1 1 1 -1 1 1 -1 -1 1 1 1 1 -1 -1 -1 1 -1 -1 -1 -1 -1 -1 1 -1 -1 1 1 -1 1 1 1 -1 -1 1 1 -1 1 1 -1 1 -1 -1 -1 -1 1 1 -1 1 1 1 1 1 1 -1 -1 -1 1 1 1 1 1 1 -1 1 -1 1 -1 1 -1 1 1 0 1 -1 1 1 1 
1 -1 -1 1 -1 1 1 -1 1 -1 -1 1 1 1 -1 1 -1 1 -1 1 1 -1 1 -1 1 1 -1 1 -1 -1 1 -1 1 1 -1 -1 1 -1 1 1 -1 1 -1 1 -1 1 -1 1 -1 -1 -1 1 -1 1 -1 -1 -1 -1 -1 1 1 1 -1 1 -1 1 1 1 -1 1 1 1 1 -1 1 -1 -1 -1 1 1 -1 1 -1 -1 -1 -1 1 1 -1 -1 -1 1 1 -1 1 -1 -1 -1 -1 1 -1 -1 1 1 1 1 1 -1 -1 -1 1 -1 1 1 -1 -1 -1 1 -1 -1 -1 -1 -1 0 -1 -1 -1 1 
1 -1 -1 -1 1 -1 -1 -1 -1 1 1 1 -1 1 -1 1 -1 -1 1 1 -1 1 1 -1 -1 1 1 -1 1 -1 1 -1 -1 1 -1 -1 -1 1 1 1 1 1 1 1 -1 -1 -1 -1 1 -1 1 -1 -1 1 -1 -1 -1 1 1 1 1 -1 -1 -1 1 -1 1 -1 1 1 -1 1 -1 -1 -1 -1 1 1 -1 1 -1 -1 1 -1 -1 -1 -1 1 1 1 1 -1 -1 -1 -1 -1 1 1 -1 1 1 1 -1 1 -1 1 1 1 -1 1 -1 1 -1 1 1 1 1 1 1 -1 1 1 1 1 0 1 1 -1 
1 -1 -1 1 -1 1 1 -1 -1 1 -1 -1 1 1 -1 1 1 1 1 -1 -1 1 1 1 1 1 1 -1 -1 -1 1 -1 1 1 -1 -1 -1 1 1 -1 1 1 -1 1 1 -1 1 -1 -1 1 1 -1 1 -1 1 -1 -1 1 -1 1 -1 1 1 1 -1 1 1 1 1 -1 -1 -1 1 -1 1 -1 -1 -1 -1 -1 1 -1 -1 1 -1 1 -1 1 -1 1 -1 -1 -1 1 -1 1 -1 1 -1 1 -1 -1 1 -1 1 1 -1 -1 1 -1 1 -1 -1 1 -1 -1 -1 -1 -1 1 1 1 -1 1 -1 0 1 -1 
-1 -1 1 1 1 1 -1 -1 1 -1 -1 1 1 -1 -1 -1 1 1 -1 1 1 -1 -1 1 -1 -1 -1 1 1 -1 -1 -1 -1 1 1 -1 -1 1 -1 1 -1 1 -1 -1 -1 1 1 -1 1 -1 1 -1 1 1 1 1 -1 -1 -1 1 1 -1 1 1 1 -1 1 1 -1 1 1 -1 1 1 -1 1 -1 1 -1 -1 1 -1 1 -1 -1 -1 -1 1 -1 -1 1 -1 -1 -1 -1 1 -1 -1 1 1 1 1 -1 -1 1 -1 1 -1 1 1 1 1 -1 1 1 -1 -1 -1 -1 -1 1 1 -1 1 -1 -1 0 -1 
1 -1 1 -1 -1 1 1 -1 1 -1 1 1 1 1 1 -1 -1 -1 1 1 -1 1 1 1 -1 -1 -1 -1 -1 -1 1 1 1 -1 -1 -1 1 -1 -1 -1 1 -1 -1 1 -1 -1 1 1 1 -1 1 -1 -1 -1 1 1 -1 1 1 1 -1 1 -1 -1 1 1 1 1 -1 1 1 -1 1 1 1 1 -1 -1 -1 1 1 -1 -1 1 1 1 -1 1 -1 1 -1 1 1 -1 -1 -1 -1 1 1 -1 1 1 -1 -1 -1 1 -1 1 1 -1 -1 1 -1 1 1 -1 -1 1 1 -1 1 -1 -1 -1 1 1 1 0 
9 79 2 29 17 35 66 114 100 94 117 36 10 56 40 87 8 55 47 67 91 30 46 33 38 98 102 76 118 14 4 23 11 81 43 19 124 65 12 64 53 123 106 109 101 127 86 69 34 128 60 3 125 18 58 5 116 83 24 52 27 96 1 32 13 63 82 115 42 51 104 25 49 90 84 50 95 16 28 59 78 122 92 26 41 103 68 80 93 7 62 70 121 37 126 48 54 22 45 120 112 107 31 110 57 44 111 89 15 97 20 85 61 77 113 108 6 71 119 88 75 74 105 21 99 73 39 72 